
0.564122642
0.563120793
0.562122176
0.56113767
0.560162044
0.559182925
0.558200647
0.557214977
0.556222051
0.555233571
0.554244157
0.553255594
0.552272512
0.551293994
0.55031544
0.549339323
0.548363188
0.547388956
0.54642867
0.545472801
0.544521526
0.543579824
0.542623623
0.541661623
0.540680878
0.539704634
0.538735166
0.537748807
0.536764031
0.535779947
0.534790074
0.533795735
0.532833609
0.53185104
0.530873581
0.529907312
0.528948488
0.52798956
0.527023579
0.526110917
0.525202819
0.524290896
0.52338844
0.522483621
0.521611736
0.520759985
0.519921319
0.519099886
0.518290905
0.517496017
0.516720765
0.51596676
0.515232859
0.514518317
0.513818526
0.513138076
0.512476027
0.511827237
0.511195316
0.510583578
0.509994397
0.509425258
0.50887436
0.508338577
0.50782137
0.507322864
0.506836726
0.506366797
0.505915992
0.505480269
0.505060902
0.504653732
0.504263765
0.503896678
0.503546324
0.50321258
0.502900991
0.502606565
0.502326091
0.502058865
0.501798923
0.501548011
0.501308593
0.501081563
0.500866423
0.500664831
0.500478001
0.500301472
0.500134194
0.499973947
0.499820615
0.499675014
0.499533981
0.499401415
0.499278436
0.499161322
0.499049556
0.498942778
0.49884062
0.498742117
0.498647671
0.498569087
0.498497716
0.498428754
0.498362202
0.498296116
0.49823191
0.498169902
0.498109876
0.498051632
0.497994988
0.49793991
0.497886194
0.497833595
0.497781982
0.497730361
0.497678555
0.4976275
0.497577096
0.497527255
0.497477897
0.497428951
0.497380355
0.497331139
0.4972809
0.497230756
0.497180679
0.497130692
0.497080763
0.497030878
0.496981022
0.496930967
0.496878334
0.496825452
0.496771614
0.496717298
0.496662792
0.496608107
0.496552842
0.496496598
0.496440122
0.496383606
0.496328205
0.496275152
0.496218181
0.49616029
0.496101162
0.496040967
0.495984344
0.495925188
0.495862171
0.495798005
0.495732796
0.495666639
0.495598629
0.49553801
0.495492274
0.495445733
0.495398469
0.495350552
0.495301213
0.495248499
0.495195536
0.495141708
0.495087187
0.495032332
0.494977168
0.494921574
0.494864799
0.494807615
0.494747997
0.494686819
0.494625092
0.494562856
0.494500143
0.494436983
0.494373193
0.494308972
0.494245355
0.494182404
0.494120187
0.494058241
0.493999247
0.493942126
0.493904728
0.493868973
0.49382453
0.493777126
0.493729579
0.493681327
0.493631593
0.493579509
0.493527045
0.493471778
0.493412416
0.49335265
0.493292846
0.493233943
0.493175264
0.493133718
0.493098937
0.493058904
0.493013549
0.492966116
0.4929235
0.492876736
0.492827598
0.49277723
0.492727086
0.492677251
0.492627696
0.492578732
0.492528306
0.492476504
0.492428282
0.492377971
0.492325319
0.492275867
0.492224823
0.492175444
0.492124155
0.492075584
0.492026661
0.491975966
0.491923622
0.491872013
0.491821692
0.49177108
0.491719997
0.491667037
0.491616879
0.491564844
0.491512241
0.491461521
0.491408981
0.491357931
0.491306009
0.491255405
0.49120506
0.491152765
0.491099982
0.491048364
0.490999975
0.490949888
0.49089777
0.490843829
0.490793282
0.490743458
0.490691538
0.490645385
0.49059557
0.490541907
0.490483806
0.490427032
0.490372295
0.490314612
0.490256787
0.49020058
0.490141342
0.49008522
0.490027594
0.489967307
0.48991067
0.489853687
0.489793555
0.489730539
0.489675001
0.489617246
0.489556786
0.489493922
0.48943416
0.489377032
0.489316504
0.489252867
0.489191916
0.489132719
0.489070856
0.489007362
0.488947156
0.48888523
0.488823593
0.48876314
0.488700764
0.48864373
0.488583282
0.488519315
0.488452796
0.488385592
0.488313799
0.488244441
0.488176471
0.488112425
0.488047437
0.487980855
0.487914517
0.487848008
0.487781202
0.487715779
0.487648633
0.487576264
0.487508933
0.487442272
0.487363645
0.487276192
0.487202346
0.487119112
0.487051341
0.486980348
0.486913996
0.486834492
0.486745347
0.486649431
0.486549151
0.486447414
0.486314395
0.486175763
0.486036248
0.48589024
0.485738205
0.485585667
0.485420276
0.485287431
0.485165975
0.485043516
0.48491651
0.48478811
0.484665672
0.484542728
0.484418931
0.484296389
0.484166095
0.484035776
0.483904091
0.483767609
0.483626075
0.483477644
0.483330382
0.483171845
0.483022571
0.482893655
0.482772385
0.482649521
0.48252378
0.482392135
0.482259844
0.482130263
0.481996078
0.481864319
0.481731623
0.481596566
0.481460852
0.481324531
0.481188895
0.481067503
0.480947458
0.480823937
0.480699122
0.480573143
0.480446105
0.48031749
0.480186208
0.480055827
0.479931871
0.479811572
0.479696534
0.479569711
0.479452138
0.479348899
0.47924295
0.479131691
0.479015649
0.478895946
0.478773437
0.478645141
0.478523011
0.478412166
0.478296686
0.478176064
0.478050362
0.477902526
0.477766183
0.477623673
0.477472641
0.477317652
0.477162746
0.477009273
0.476850202
0.476688074
0.476527022
0.476372887
0.476229655
0.476081439
0.475924153
0.475761469
0.475595112
0.475436727
0.475283216
0.475125728
0.474963397
0.474890204
0.474778592
0.474671708
0.474590174
0.474453709
0.474295325
0.474160311
0.474019613
0.473873848
0.473723586
0.473573317
0.473431267
0.473253036
0.473134189
0.473017525
0.472890883
0.472757241
0.47262387
0.472488925
0.472347725
0.472219546
0.472088448
0.471972636
0.471860384
0.471726126
0.471593772
0.471464496
0.471332632
0.471187595
0.471072142
0.470953456
0.470836702
0.470697252
0.470570307
0.470437768
0.470311781
0.470195809
0.470043524
0.469935134
0.469788221
0.469711317
0.469620619
0.469469549
0.469257725
0.46921932
0.469124891
0.468948047
0.46875633
0.468684921
0.468545653
0.468346073
0.468299103
0.468186525
0.467995646
0.467948719
0.467889501
0.46776883
0.467587751
0.467365063
0.467287021
0.467194696
0.467025329
0.4668459
0.466784096
0.4666746
0.46650529
0.466318816
0.466245355
0.466107769
0.465933918
0.465839176
0.465697075
0.465567267
0.465432623
0.465331559
0.465219904
0.465057302
0.464955848
0.464830336
0.464639919
0.46451762
0.464411502
0.464247986
0.464174033
0.464060672
0.463894939
0.463704031
0.463596047
0.463418374
0.463359515
0.46321139
0.462976288
0.462846844
0.462683903
0.462570147
0.462399788
0.46225664
0.46208188
0.462017274
0.461816869
0.461696466
0.461583014
0.461402807
0.461168015
0.461166698
0.46105067
0.460777298
0.460537133
0.460418518
0.460239383
0.460006303
0.45974952
0.459570985
0.459360434
0.459177498
0.458963022
0.458854174
0.458611158
0.458382262
0.458208128
0.457982286
0.457724124
0.457617705
0.457381995
0.457154725
0.456998171
0.456785832
0.456586158
0.456398431
0.456279678
0.456134207
0.455932232
0.455920758
0.455813941
0.455580168
0.455476587
0.455406617
0.455271587
0.455063339
0.454938344
0.454863804
0.454658297
0.454493382
0.454403524
0.454256184
0.454056101
0.453995569
0.453893804
0.453662614
0.45356539
0.453495623
0.453372394
0.45319398
0.45301079
0.452917063
0.45277223
0.452653217
0.452515404
0.45239353
0.452263012
0.452196826
0.452018325
0.451983347
0.45190503
0.451771872
0.451589629
0.451485349
0.451406301
0.451200642
0.451185125
0.451131396
0.451016027
0.450845426
0.450648389
0.450687119
0.450609532
0.450395517
0.45025901
0.45021698
0.450113258
0.449958379
0.449804323
0.449805688
0.449677028
0.449499374
0.449435537
0.449330989
0.449183616
0.449151309
0.449053231
0.448871958
0.448806794
0.448680724
0.448644807
0.448542057
0.448400843
0.448338646
0.448241531
0.448180837
0.448082398
0.448037958
0.447983901
0.447874955
0.447758796
0.447721738
0.447581675
0.447507719
0.447407824
0.447349833
0.447256075
0.447199214
0.447101967
0.447051163
0.446985608
0.446863634
0.446831224
0.446761924
0.446612864
0.44656049
0.446464094
0.446371576
0.446269685
0.446180838
0.446134284
0.44604611
0.44592425
0.445848792
0.445788898
0.445700621
0.445597055
0.445515107
0.44542938
0.445329465
0.445244635
0.445166824
0.445073865
0.444989498
0.444897346
0.444815559
0.444757869
0.444633458
0.444586355
0.444509039
0.444443853
0.44433989
0.444299475
0.444191564
0.444115357
0.444079749
0.443979674
0.443846126
0.443815845
0.44371993
0.443613403
0.44355489
0.443428006
0.443416267
0.443329948
0.443161022
0.443101655
0.442996381
0.442911444
0.442832922
0.44277012
0.442687918
0.442605442
0.442506991
0.442431417
0.442376837
0.442321508
0.442195892
0.442213931
0.442133604
0.441980541
0.441940544
0.441833273
0.441782539
0.441701795
0.441630186
0.441560001
0.441501085
0.441438513
0.441338468
0.441296069
0.441210553
0.441130938
0.441072381
0.440974036
0.440934356
0.440861704
0.440737794
0.440803081
0.44074182
0.440557968
0.440577441
0.440583506
0.440537511
0.440434562
0.440297422
0.440149545
0.44020181
0.440147988
0.439963041
0.439910904
0.439901967
0.439858714
0.439756555
0.43959804
0.439527651
0.439510968
0.439380403
0.439381002
0.439324342
0.439201874
0.439040566
0.438981436
0.438975661
0.438927073
0.438833697
0.438718038
0.438724356
0.438615425
0.438540966
0.438503706
0.438407874
0.438281701
0.438324184
0.438282735
0.438113229
0.438093073
0.4380729
0.438030166
0.437935844
0.437788948
0.437787406
0.437744027
0.437605949
0.437638531
0.437647054
0.437580842
0.43744732
0.437258296
0.43732361
0.437330523
0.43720295
0.436937655
0.43695848
0.436926847
0.436841971
0.436711901
0.436671559
0.436617293
0.436448095
0.436387455
0.436341826
0.436230219
0.43617882
0.436116007
0.436051647
0.436009892
0.435897164
0.435882187
0.435820225
0.43572321
0.435674509
0.435590102
0.435573237
0.435540478
0.435436323
0.435289485
0.435204848
0.435194373
0.435071771
0.434994651
0.434940081
0.4349022
0.434843944
0.434724232
0.434733902
0.434644358
0.434460139
0.434386254
0.434269041
0.434184179
0.434097746
0.434004015
0.434007058
0.433894546
0.433732355
0.433664209
0.433567745
0.43350399
0.433353017
0.433286608
0.433225505
0.43310795
0.432995115
0.432962138
0.432878665
0.432871076
0.432839837
0.432746285
0.432695705
0.43260646
0.432554365
0.432490089
0.432393801
0.432332207
0.432233942
0.432164287
0.432099573
0.432002329
0.431941641
0.431915673
0.431838343
0.431782154
0.431729138
0.431679013
0.43157864
0.431523696
0.431520756
0.431432938
0.431281962
0.431272637
0.431250381
0.431156965
0.431150703
0.431084273
0.431034539
0.431004999
0.430923958
0.430790414
0.430762958
0.430636196
0.430635729
0.430595233
0.430551571
0.430458842
0.430364491
0.430388497
0.430275808
0.430242376
0.430267618
0.430235466
0.430082395
0.429986052
0.430009951
0.429965747
0.429836181
0.429807002
0.429822433
0.429754647
0.429598303
0.429578097
0.429532367
0.429486991
0.42942218
0.429377364
0.429384316
0.429215364
0.429217218
0.429141155
0.429108924
0.429041642
0.428973281
0.428985103
0.428918394
0.42885906
0.428759643
0.428835335
0.42876563
0.428656388
0.428652971
0.428609856
0.428528725
0.428444296
0.428411873
0.428346276
0.428304975
0.428253922
0.428228079
0.428167699
0.428125432
0.42807066
0.428047276
0.428022699
0.427971257
0.427932843
0.427899579
0.427830725
0.427769991
0.427852856
0.42769718
0.427728125
0.427757627
0.427678119
0.42756899
0.427532553
0.427520869
0.4274325
0.427453852
0.427361852
0.427372514
0.427315618
0.42724801
0.427277173
0.427199314
0.427220487
0.427185772
0.427068306
0.427101512
0.427035919
0.4269537
0.426961686
0.426855347
0.426920177
0.426821094
0.426764109
0.426727362
0.426606723
0.426580082
0.426513231
0.426512728
0.42648295
0.426471469
0.426409947
0.426377656
0.426361089
0.426360466
0.426243939
0.426263074
0.426290157
0.426220399
0.426173033
0.426047525
0.426106922
0.426046311
0.425945785
0.425974868
0.425900688
0.425858015
0.425881977
0.425687408
0.425681902
0.425648976
0.425641576
0.425600261
0.425579124
0.425499025
0.425551651
0.425415923
0.425494052
0.425526938
0.425433135
0.425375108
0.4254187
0.425287894
0.425219136
0.425249487
0.425153785
0.425075049
0.425111808
0.42496718
0.424941482
0.424882857
0.424843884
0.424781984
0.424735679
0.424699393
0.424683499
0.424596197
0.424772905
0.424619859
0.424639679
0.424696739
0.424619456
0.424437994
0.424550343
0.42452257
0.424392773
0.424429131
0.424423385
0.424291435
0.424228973
0.424259034
0.424087775
0.424125146
0.424061056
0.423992747
0.424050107
0.423935592
0.424018661
0.424009194
0.423869854
0.423855433
0.423841142
0.423679695
0.423738346
0.423696037
0.423613296
0.423574269
0.423463393
0.423454635
0.42341012
0.423423489
0.423367103
0.423353472
0.423302826
0.423282552
0.423230946
0.423245692
0.423258556
0.423094686
0.423187263
0.423175884
0.423113562
0.423063506
0.422996215
0.422912383
0.422886719
0.422838121
0.422758429
0.422953288
0.42281601
0.422716432
0.422688947
0.422733759
0.42261678
0.422664804
0.422625465
0.42260852
0.422511365
0.422439254
0.42242571
0.422422707
0.422387069
0.42232711
0.422286075
0.422278078
0.422226382
0.422216584
0.422200499
0.422139907
0.422122998
0.422083206
0.42206578
0.422002605
0.422005434
0.421983905
0.421906546
0.421890655
0.421915613
0.421856082
0.421903987
0.421828371
0.421754334
0.42172672
0.421812177
0.421758121
0.421632801
0.421550035
0.421646642
0.421670778
0.421519485
0.421485717
0.421436251
0.421461358
0.421538052
0.421422497
0.421286408
0.421319262
0.421276429
0.421240932
0.421133125
0.421116218
0.421117008
0.421025619
0.420983665
0.420975978
0.420932946
0.420875989
0.420876261
0.420861023
0.420770025
0.420794783
0.420792903
0.420747861
0.420674157
0.420584119
0.420632832
0.420542799
0.420553821
0.420603624
0.420559436
0.420507545
0.420411815
0.420487867
0.420470344
0.420373414
0.420387587
0.420330714
0.420260055
0.420274439
0.420117441
0.420165094
0.420129687
0.420071663
0.419991804
0.420093564
0.420049452
0.41987786
0.419916191
0.419880913
0.419810287
0.419917965
0.419820629
0.419752174
0.41973705
0.419690182
0.419670123
0.419609557
0.419542282
0.41969932
0.419553394
0.419569391
0.419582119
0.419449821
0.419591361
0.419527315
0.419391609
0.419447712
0.419359584
0.419364898
0.419429542
0.419245606
0.419313249
0.419366704
0.419259375
0.419161248
0.419305287
0.419186171
0.419046271
0.419182973
0.419177882
0.419038371
0.41907105
0.419030219
0.418952023
0.41881527
0.418908036
0.4188672
0.41881765
0.418732547
0.418621733
0.418596961
0.418599968
0.41853081
0.418539197
0.418456944
0.418441242
0.418400069
0.418344046
0.418317976
0.418339931
0.418328707
0.418264057
0.418232679
0.418264156
0.418224355
0.418079059
0.418090105
0.418047082
0.41800947
0.41799227
0.417922221
0.41794296
0.417959362
0.417900745
0.417812181
0.417812432
0.417815933
0.4177238
0.417880657
0.417712982
0.417805893
0.417876709
0.417780048
0.417609847
0.417723936
0.417652646
0.417495674
0.417640324
0.417656709
0.417522413
0.417333827
0.417461096
0.417337664
0.417274866
0.417260785
0.41717453
0.417266686
0.417307896
0.417118808
0.417160177
0.417175182
0.417130368
0.417065408
0.417070182
0.416987039
0.416968873
0.416981893
0.416919028
0.416841099
0.41682523
0.416701119
0.416730367
0.416646316
0.416774828
0.416631691
0.416701176
0.416772596
0.416687353
0.416540153
0.416507278
0.416414503
0.416474887
0.416484015
0.416442396
0.416402833
0.416299224
0.416280137
0.41623299
0.416271629
0.416252101
0.416104433
0.416221529
0.416213702
0.416008296
0.416088338
0.416060496
0.415934928
0.415931908
0.415884638
0.415810833
0.415813378
0.41576638
0.415760771
0.415650949
0.41562296
0.415647611
0.415557352
0.415609439
0.41560823
0.415610668
0.415504159
0.415462272
0.415499447
0.415456106
0.41548774
0.415400825
0.415334955
0.415321445
0.415160342
0.415178795
0.415133801
0.415108218
0.415078896
0.415083088
0.415047424
0.415016896
0.414899643
0.414979772
0.414993832
0.414887031
0.414801118
0.41482442
0.414809243
0.414745291
0.414687495
0.414678748
0.41465864
0.414578192
0.414612283
0.414574604
0.414461514
0.414497471
0.414505883
0.414428552
0.414412052
0.414383407
0.414363435
0.414271041
0.414254526
0.41422876
0.414172677
0.414118538
0.414079543
0.414117384
0.414088121
0.414057705
0.41401648
0.414022348
0.413993398
0.414004501
0.414025359
0.413978157
0.413864249
0.413836495
0.413846104
0.41382557
0.413765277
0.413661733
0.413648816
0.413650786
0.413612726
0.413571476
0.413484185
0.413495519
0.413476969
0.413442509
0.413362203
0.413354417
0.413352179
0.413264632
0.413230659
0.413243846
0.41318054
0.413093363
0.413060162
0.413083956
0.413004169
0.413144083
0.412995192
0.41292844
0.41289899
0.412961975
0.412923617
0.412831688
0.412804077
0.412809907
0.412776823
0.412721094
0.412676636
0.412633784
0.412580324
0.412580739
0.412536503
0.412501029
0.412463181
0.412475885
0.41247672
0.412389151
0.41235183
0.412264221
0.412322479
0.412374057
0.412197658
0.412190135
0.412191724
0.412179307
0.412116858
0.41204769
0.412029667
0.411973392
0.411981692
0.412009277
0.41191169
0.411829368
0.411812339
0.411785972
0.411791454
0.411739186
0.41171506
0.411599914
0.411581945
0.411607971
0.411542741
0.411465391
0.411459787
0.411428031
0.411355609
0.411286732
0.411267972
0.411232204
0.411217433
0.411166263
0.411171818
0.411088613
0.411172207
0.4111669
0.411118744
0.411042078
0.411062144
0.410916528
0.410988006
0.410937706
0.410912413
0.41082265
0.410764237
0.410797392
0.410750977
0.410641243
0.410678646
0.410669877
0.410619742
0.4105808
0.410496378
0.4104744
0.410453446
0.410458985
0.410392904
0.410289804
0.410391025
0.410376633
0.410336656
0.410351264
0.41023786
0.410245799
0.410180176
0.410015391
0.410030738
0.409992672
0.409944678
0.409929688
0.409886599
0.409836917
0.409840587
0.409724983
0.40970436
0.409664949
0.409693999
0.409618598
0.409708658
0.409594233
0.40963792
0.409675266
0.409562374
0.409456678
0.409540074
0.409352815
0.409351293
0.409293127
0.409258847
0.409263174
0.409227809
0.409184627
0.409231198
0.409050411
0.409058649
0.409079454
0.409007991
0.408966332
0.408938689
0.408950043
0.408871694
0.40883404
0.408798321
0.40875773
0.408704386
0.408666595
0.408642016
0.408591213
0.408586062
0.408493316
0.408474615
0.40852109
0.408433981
0.408362999
0.408387362
0.408345977
0.408256529
0.408230505
0.408196773
0.408148039
0.408098146
0.408025863
0.408066824
0.407982652
0.408053345
0.40792668
0.408055411
0.408055988
0.407914168
0.407861229
0.407890855
0.407723357
0.407793194
0.407772329
0.407614798
0.40772534
0.407658491
0.407502673
0.407503433
0.407447225
0.407437492
0.407316134
0.407338282
0.407340817
0.407252447
0.40730062
0.407236939
0.407187746
0.407177317
0.407024605
0.407003747
0.407067846
0.407002245
0.407011056
0.406949192
0.406832213
0.406867984
0.406775803
0.406708226
0.40665055
0.406654889
0.406626777
0.406577148
0.406488309
0.406516968
0.406469383
0.406473116
0.406356473
0.40654488
0.406435806
0.406377329
0.406420803
0.40630878
0.40630705
0.40634269
0.406164197
0.406248998
0.406261492
0.406111245
0.406057728
0.406005055
0.405993155
0.406022694
0.405897658
0.405833046
0.405920491
0.405749227
0.405839867
0.405825061
0.405708437
0.405705151
0.405628951
0.405621833
0.405617345
0.405541892
0.405518445
0.405455926
0.405482914
0.405451887
0.405386692
0.405301629
0.405285054
0.405266733
0.405197972
0.405189861
0.405070767
0.405042217
0.405018703
0.404946421
0.404916726
0.404914822
0.404850998
0.404798578
0.40482472
0.404730341
0.404778194
0.404682123
0.404717693
0.404634644
0.404624507
0.404662789
0.40455304
0.404435071
0.404587114
0.404442476
0.404436052
0.404464272
0.40432776
0.40441404
0.404423506
0.404225755
0.404293064
0.404259848
0.404178571
0.404229087
0.4041755
0.404012707
0.40399565
0.404004598
0.403895608
0.40396745
0.403977405
0.403937518
0.40386785
0.40382705
0.403798198
0.403819834
0.403825567
0.403743726
0.403714453
0.403615137
0.403566885
0.403578899
0.403560957
0.403465111
0.403552705
0.403446174
0.403481234
0.403468821
0.403312275
0.403223313
0.403249443
0.403242221
0.403173297
0.403285695
0.403091832
0.403164841
0.403232229
0.403100362
0.403006249
0.40301028
0.402819788
0.40288127
0.402920798
0.402859506
0.402744247
0.402699064
0.402555428
0.402627084
0.402673737
0.402544402
0.402528144
0.402514821
0.402303155
0.40238948
0.402414788
0.402361228
0.402276555
0.402251101
0.402070993
0.402137268
0.402203793
0.402070563
0.402083166
0.402100722
0.401916396
0.401774585
0.401823029
0.401798115
0.40173594
0.401659225
0.401608975
0.401571849
0.401649509
0.401648931
0.401468717
0.401502522
0.401451242
0.401397108
0.401421473
0.401445068
0.401177419
0.401220812
0.401177143
0.401168933
0.401173542
0.400997253
0.400951373
0.400942113
0.400871177
0.400965721
0.400905121
0.400677247
0.400697452
0.400653266
0.400646789
0.400514752
0.400530505
0.400431597
0.400492129
0.400413718
0.400344669
0.400313387
0.400216661
0.400336977
0.400259193
0.400157925
0.400120546
0.400126715
0.400125485
0.399977472
0.40000926
0.399901497
0.39994734
0.399863006
0.399823715
0.399801369
0.399628704
0.39985617
0.399649467
0.399686042
0.39973744
0.399570056
0.399481489
0.399482686
0.399347717
0.399368205
0.399218628
0.399144202
0.399116114
0.399089274
0.399155814
0.399011617
0.398966757
0.399135605
0.399083924
0.39891997
0.39888463
0.398898741
0.398837652
0.398803111
0.398709067
0.398961404
0.398899198
0.398716437
0.398698247
0.398583688
0.398705437
0.398513657
0.39859815
0.398591861
0.398463654
0.398393215
0.398329132
0.398209245
0.398211183
0.398034352
0.398230654
0.398175095
0.397917034
0.398023312
0.397938842
0.397860472
0.397929223
0.397771762
0.397712304
0.397685695
0.397699139
0.397652981
0.397618918
0.397565985
0.397556377
0.39741583
0.397430389
0.397399387
0.397355392
0.397212463
0.397526956
0.397368211
0.397190749
0.397211318
0.39708999
0.397024242
0.396948911
0.396848189
0.397048345
0.396766392
0.396703484
0.39663766
0.396839076
0.396768252
0.396563093
0.396611071
0.396478786
0.39659831
0.396524521
0.396337524
0.396347391
0.396208013
0.396348238
0.396164171
0.39616386
0.396157283
0.396002246
0.39614716
0.396040817
0.395830952
0.3958071
0.395829333
0.395739998
0.395739618
0.395675678
0.395772855
0.395680218
0.395641881
0.39561533
0.395517242
0.395529087
0.395436072
0.39540732
0.395346309
0.395433667
0.395293949
0.39528065
0.395336835
0.395251883
0.395245569
0.395140046
0.395193838
0.395093653
0.395078615
0.395193186
0.395064498
0.395089514
0.395059828
0.39516046
0.395010229
0.395136537
0.395073065
0.395059566
0.395323979
0.394957142
0.394931952
0.394890594
0.395024114
0.395044607
0.394881005
0.394958411
0.394894622
0.394841897
0.394899633
0.394691033
0.394686134
0.394701768
0.394640861
0.394607647
0.394718012
0.394599068
0.394600919
0.394567778
0.394629557
0.394564224
0.394533408
0.394643715
0.394500778
0.394572436
0.394501676
0.394584252
0.394470856
0.394502498
0.394497065
0.39449301
0.39482069
0.394425625
0.394574138
0.394653926
0.394494551
0.394432952
0.394575456
0.394377214
0.394177575
0.394203481
0.394238097
0.394288829
0.394160559
0.394112874
0.394253658
0.394240384
0.394215552
0.394184828
0.394321875
0.394343948
0.394139355
0.394158578
0.394214171
0.394133431
0.394129032
0.394058852
0.394245637
0.394064258
0.394057206
0.393995814
0.394210576
0.393916844
0.393927777
0.394018242
0.393975241
0.39394818
0.394026947
0.393912688
0.393904504
0.394012312
0.393964458
0.393972263
0.393896543
0.393862876
0.393800636
0.39401026
0.39382437
0.393868506
0.393844042
0.393844044
0.393912161
0.393706313
0.393732485
0.393705613
0.393641117
0.393780742
0.393685963
0.393649145
0.39388369
0.393645129
0.393659634
0.393601748
0.39381813
0.393783276
0.393569348
0.393565344
0.393710813
0.393661876
0.393563226
0.393524813
0.393590683
0.393439612
0.3933799
0.393409644
0.393362544
0.39332227
0.393340798
0.393185068
0.393257763
0.393226791
0.39321888
0.393192483
0.392983966
0.392994579
0.393074841
0.393103282
0.392980322
0.393004203
0.393135173
0.393012774
0.393032922
0.393207476
0.393126482
0.393115104
0.393340181
0.393261723
0.393163232
0.393118299
0.393202398
0.393057784
0.392976266
0.392912379
0.392881557
0.39284672
0.39278345
0.392795173
0.392643872
0.392633785
0.392781849
0.392632429
0.392665665
0.392558569
0.392776389
0.392558366
0.392623838
0.392642143
0.392571509
0.393136428
0.392959073
0.392796188
0.392891232
0.392742694
0.393050499
0.393092803
0.392584603
0.392638259
0.392549776
0.392505625
0.392596182
0.392486798
0.392441847
0.392432133
0.392345227
0.392356637
0.39229658
0.392536137
0.392561453
0.392314904
0.392403377
0.392364901
0.392603398
0.392629548
0.39243932
0.392419143
0.392280281
0.392589764
0.392331017
0.392327866
0.392407756
0.392272772
0.392140435
0.392425385
0.392327532
0.391976175
0.392096415
0.39207019
0.392341701
0.392429583
0.392308775
0.392326632
0.392275484
0.39237368
0.392371691
0.392139803
0.392140636
0.392122803
0.392340561
0.392064046
0.392043679
0.391984725
0.392015849
0.391881355
0.391846946
0.391880111
0.391846451
0.391917583
0.39181796
0.391829502
0.391854978
0.391852494
0.391783207
0.391850602
0.391787884
0.39184486
0.391773678
0.391769676
0.391824133
0.39172531
0.391743941
0.391752018
0.391579801
0.391652889
0.391538568
0.391537002
0.39170884
0.391513305
0.391549848
0.391538641
0.391462969
0.391547472
0.3915679
0.391528853
0.391575697
0.391440778
0.391396212
0.391468916
0.391389656
0.39134594
0.391505731
0.39136113
0.391358831
0.391332417
0.391379247
0.391407702
0.391293003
0.391286527
0.391552186
0.391269
0.391378405
0.391319126
0.391705676
0.391432692
0.391448562
0.391475849
0.391258576
0.391475851
0.391369679
0.391070746
0.3911348
0.390996691
0.390865612
0.39114861
0.390725467
0.390775025
0.390854028
0.390882849
0.390879236
0.390884733
0.390902795
0.390859662
0.391072945
0.390891006
0.390897312
0.39093875
0.390937197
0.390802555
0.390737386
0.390635082
0.39087724
0.390483088
0.390448608
0.390404801
0.39028151
0.390217042
0.390086595
0.390693643
0.390330926
0.390238686
0.390302226
0.390148264
0.390426781
0.390355482
0.390029165
0.390037144
0.390316239
0.39010408
0.390111473
0.390041519
0.390053809
0.390313392
0.38987879
0.389669517
0.389561448
0.389394526
0.389474866
0.389123143
0.389103452
0.389024331
0.38926113
0.389275024
0.389054621
0.38910417
0.389019106
0.389128692
0.389159702
0.388839503
0.388738673
0.388631213
0.388771747
0.388641475
0.388660276
0.388614452
0.38862202
0.388661359
0.388477367
0.388552321
0.388601595
0.388642669
0.388644169
0.388739048
0.388606476
0.388608107
0.388616409
0.388821916
0.388721244
0.388719645
0.388853846
0.388667953
0.388649901
0.388701568
0.388863763
0.388751653
0.388769573
0.388799306
0.388798989
0.38897083
0.388845966
0.388812698
0.389408402
0.389006081
0.389135763
0.389188033
0.388939923
0.389217286
0.389125607
0.388692203
0.388739229
0.388562764
0.388768651
0.388486358
0.388464718
0.388483354
0.388393269
0.388633682
0.388550027
0.388548869
0.388581156
0.388776396
0.38884922
0.388715868
0.388752268
0.388698132
0.389228278
0.389017205
0.388923192
0.389004588
0.388898038
0.388922546
0.388885062
0.388738401
0.38872133
0.388592694
0.388876408
0.388548888
0.388552079
0.388692765
0.388746116
0.388762505
0.388789529
0.388813281
0.388901874
0.388918004
0.38884967
0.388829624
0.389234359
0.388896268
0.388961783
0.388948082
0.389167878
0.389011399
0.389021672
0.389318921
0.389232849
0.389162719
0.389151875
0.389329949
0.389270327
0.38914831
0.389130552
0.389136497
0.389003337
0.388970558
0.389163704
0.389076828
0.389091456
0.389153739
0.389342757
0.389161225
0.389187927
0.389224036
0.389338335
0.389266102
0.389247034
0.389216793
0.389715725
0.389381576
0.389477637
0.389481283
0.38966923
0.389706008
0.389571585
0.389588632
0.389811618
0.389698537
0.389642189
0.389603389
0.389557837
0.389817475
0.389358388
0.389390518
0.38937282
0.389386293
0.389422415
0.389534309
0.389581719
0.389614821
0.38971883
0.389794124
0.389820799
0.389906787
0.389958933
0.389989103
0.389947556
0.39042666
0.389924835
0.389941647
0.389941835
0.389951388
0.38990344
0.389919086
0.389860618
0.390038227
0.389885535
0.389941651
0.389955235
0.389767538
0.390546251
0.390233598
0.39011271
0.390301271
0.390208051
0.390556994
0.390749002
0.390422874
0.390495932
0.390489482
0.390489476
0.390626899
0.390308197
0.390319404
0.390423245
0.390368057
0.390291651
0.390245179
0.390323856
0.390248452
0.390280887
0.390256972
0.390356055
0.390382871
0.390260274
0.390341093
0.390265023
0.39028179
0.390218224
0.390135424
0.390771975
0.390330088
0.390620836
0.390734959
0.39049793
0.390922764
0.390819701
0.390610426
0.390800135
0.390637962
0.390636865
0.39077419
0.390491991
0.390677262
0.390582489
0.390848457
0.390838521
0.390724986
0.390827555
0.390675494
0.391156229
0.390898585
0.390956447
0.391026901
0.390794636
0.391422229
0.391146534
0.390998447
0.391163568
0.390964292
0.390759257
0.391148486
0.390568805
0.390681847
0.390662846
0.390843085
0.390987248
0.390992556
0.391026041
0.391108771
0.391063201
0.391162165
0.391117629
0.391029536
0.390990397
0.390875091
0.391033515
0.39079705
0.390875927
0.39087579
0.390821289
0.390816347
0.390867788
0.390782103
0.390741602
0.390677778
0.390699333
0.390647359
0.390720322
0.390570197
0.390543239
0.390491663
0.390573737
0.390477511
0.390600326
0.390455461
0.390512728
0.390470836
0.390138692
0.390210879
0.390086361
0.390076481
0.389931845
0.390029542
0.389804223
0.390102429
0.390025618
0.389708525
0.38964606
0.389784078
0.389702445
0.389476842
0.389755717
0.389463897
0.389771953
0.389823766
0.389447516
0.389600625
0.389554247
0.38936611
0.389689778
0.389628692
0.389252751
0.389354517
0.389265303
0.389108843
0.38929284
0.389081838
0.388990598
0.388950568
0.38890481
0.388923381
0.388755341
0.388739724
0.388659331
0.388651776
0.388573712
0.388469722
0.388408765
0.388076844
0.387878414
0.387785209
0.387502802
0.387325712
0.387216291
0.386998045
0.386849291
0.386747422
0.386567106
0.386251311
0.385831794
0.385404055
0.38506757
0.38469617
0.384287768
0.383860923
0.383437897
0.383051571
0.382724345
0.382351683
0.382034231
0.381645107
0.381178899
0.380418424
0.379739941
0.379013976
0.378243562
0.377423182
0.376610698
0.375811699
0.375023493
0.374268636
0.37352256
0.372783694
0.371700816
0.370398817
0.369036535
0.367669367
0.366288869
0.364953588
0.363694703
0.362387157
0.360472738
0.35849675
0.356469562
0.354546413
0.352805934
0.351142979
0.349566164
0.348107367
0.346705055
0.345279683
0.343839004
0.34245757
0.341311599
0.34018746
0.339199976
0.338290283
0.337531842
0.337047571
0.336686061
0.336336678
0.336299859
0.336910308
0.337698898
0.338904314
0.340530778
0.342162652
0.345579979
0.347949151
0.349229741
0.349984727
0.350475843
0.351053555
0.35163087
0.35205587
0.352428672
0.352717757
0.352446305
0.351392564
0.349733664
0.348001239
0.346912168
0.346119385
0.345616252
0.345560426
0.34560411
0.345204727
0.34434655
0.343368678
0.342792249
0.342640573
0.342896445
0.34328277
0.34353574
0.343660963
0.343677805
0.343614513
0.343499863
0.343357052
0.343200961
0.343038486
0.342859246
0.342879609
0.342972696
0.343100267
0.343227858
0.343336276
0.343454176
0.343700618
0.344052482
0.344505329
0.345052688
0.34568665
0.346397882
0.347211475
0.347971113
0.348676098
0.349348716
0.349980587
0.350496092
0.350962301
0.351470722
0.352051409
0.352586518
0.353055491
0.353452005
0.353774447
0.354030679
0.354236094
0.354409736
0.354569549
0.354729001
0.354895778
0.355071953
0.355248778
0.35527029
0.355164446
0.354950242
0.354602366
0.354170374
0.353679727
0.353090712
0.352567277
0.351784915
0.350761719
0.349287222
0.347692748
0.347092027
0.347030887
0.346576251
0.345953675
0.345371919
0.345010222
0.344792658
0.344796906
0.345034554
0.345360973
0.345616775
0.346184967
0.346342914
0.346791711
0.347345678
0.347352794
0.347324129
0.34747353
0.348178145
0.34777357
0.347766283
0.347868828
0.34815333
0.348543652
0.348684849
0.348196377
0.347799874
0.347708125
0.347969011
0.348227559
0.347779533
0.347293976
0.347128658
0.347363303
0.34682576
0.346636073
0.34712164
0.346201059
0.346038327
0.345722674
0.34557044
0.345855373
0.345323276
0.345134853
0.345069386
0.34519566
0.345228448
0.344726532
0.344693355
0.34514923
0.344834466
0.344654507
0.344595377
0.344544214
0.346274266
0.345852536
0.344444692
0.34452681
0.344487426
0.344962142
0.345692067
0.344633762
0.344520869
0.344521354
0.344666289
0.345672697
0.344526794
0.344421966
0.344378409
0.345189572
0.344415897
0.344168489
0.344042482
0.34383806
0.34537642
0.345453912
0.34385525
0.343729453
0.343747553
0.34387489
0.344899003
0.344186871
0.343767034
0.343792905
0.343704729
0.345127439
0.344967243
0.343602724
0.343579078
0.343492708
0.34397799
0.343566767
0.343248214
0.343139207
0.343276073
0.342886378
0.34275727
0.342929022
0.342538378
0.342464539
0.343368629
0.342453567
0.342353077
0.342260941
0.342016113
0.343796727
0.343902164
0.341960638
0.342016478
0.342016825
0.341881222
0.344194953
0.344400909
0.34234654
0.342251333
0.342320715
0.341988442
0.3420255
0.34285254
0.341643239
0.341214558
0.341108963
0.341258273
0.341752942
0.341039581
0.340701545
0.340584664
0.340682094
0.340763546
0.340165388
0.340027355
0.340168205
0.339655595
0.339868441
0.339382825
0.339297623
0.339201965
0.33908293
0.338978869
0.339959044
0.339120639
0.338656775
0.338492545
0.338200065
0.339162166
0.338388978
0.337295228
0.337095961
0.336571299
0.33658051
0.338103197
0.336252914
0.335100831
0.334944036
0.33446548
0.333926455
0.335733329
0.335045562
0.3332712
0.333308671
0.333139864
0.333290744
0.334091995
0.334244567
0.333675866
0.333265099
0.333308828
0.333565244
0.334104361
0.334275676
0.333686392
0.333498645
0.333510277
0.334180764
0.333970827
0.33358031
0.333544441
0.334373265
0.333651583
0.333155381
0.332934267
0.333166218
0.333126018
0.332364124
0.33162561
0.331176841
0.331161127
0.330986179
0.330062165
0.329256961
0.328930058
0.329052953
0.328881828
0.328322104
0.328107348
0.328035154
0.328121122
0.328242156
0.328248955
0.328163773
0.328066733
0.328116389
0.328313364
0.328518339
0.328379123
0.328119016
0.328056622
0.328433725
0.328533062
0.327871078
0.327605837
0.327464682
0.327907444
0.327729022
0.326879662
0.32631189
0.325993561
0.326280975
0.326399193
0.325462331
0.324844541
0.32456424
0.324556423
0.324838794
0.324328101
0.323806719
0.32369517
0.323666245
0.324185722
0.324556944
0.32433656
0.323954085
0.323887607
0.323960032
0.324496545
0.324886712
0.324558658
0.324010758
0.323925082
0.323942334
0.324140534
0.323825382
0.32351574
0.323395698
0.32360281
0.323726249
0.322991054
0.32273807
0.322576657
0.32287022
0.322761708
0.322226118
0.321564612
0.321349129
0.321517645
0.321427032
0.321016451
0.320433006
0.320118812
0.320170968
0.320446782
0.319978436
0.319600141
0.319545194
0.319700135
0.319690116
0.319524564
0.31957006
0.320041351
0.320167531
0.319741937
0.319803142
0.320314972
0.320460726
0.320183407
0.319879242
0.319852101
0.320396515
0.320381723
0.319562716
0.319306214
0.319278315
0.319653756
0.319115635
0.318500646
0.318175862
0.318050023
0.318081592
0.317704431
0.317066001
0.316696095
0.316640814
0.31657635
0.316151842
0.315736527
0.315543111
0.315328641
0.315338815
0.31538094
0.31547249
0.315251945
0.315163564
0.3151639
0.315337955
0.315431959
0.315454091
0.315603155
0.315860089
0.316008335
0.316270499
0.316287494
0.316499245
0.316890663
0.317025663
0.317065915
0.31730615
0.317608742
0.31768685
0.317724456
0.317732998
0.317732682
0.317800783
0.317921857
0.317594734
0.317533854
0.317646262
0.317622067
0.317295919
0.317138592
0.317133223
0.317307346
0.317203905
0.31681535
0.316441837
0.316338474
0.316363436
0.316518173
0.316064605
0.315757124
0.315557643
0.315626804
0.31586393
0.315481299
0.315317701
0.31527887
0.31538785
0.315703871
0.315768732
0.315588098
0.31587331
0.316033895
0.316310289
0.316706511
0.31692892
0.317044094
0.317299934
0.317681307
0.31799824
0.317979478
0.318182514
0.318646143
0.318661186
0.318393101
0.318411313
0.319718322
0.319080973
0.319150705
0.318808608
0.32113623
0.320795223
0.319025515
0.319194348
0.320170454
0.320896066
0.319675967
0.319303694
0.319123092
0.320281503
0.32035464
0.319036747
0.319223272
0.318932457
0.319670802
0.319586227
0.318822812
0.318887579
0.319832089
0.320028655
0.319217333
0.319376727
0.319997335
0.319958134
0.319687865
0.320702714
0.320663891
0.320296466
0.320622459
0.320903493
0.320792442
0.321462598
0.321243592
0.321395022
0.321639376
0.321693237
0.321434375
0.32154455
0.321268696
0.321647919
0.32115775
0.323290448
0.321994539
0.321946693
0.321724172
0.322528403
0.32321983
0.321336709
0.322353774
0.321563882
0.324427102
0.325277335
0.322703857
0.323303999
0.322985404
0.324073316
0.326771553
0.325660638
0.323965035
0.324724983
0.324088147
0.325123604
0.326476413
0.326248379
0.325272259
0.324515718
0.325423389
0.324641961
0.325564513
0.325989338
0.325445698
0.324689068
0.324896631
0.325181139
0.325493625
0.325252208
0.325376958
0.325669552
0.325912847
0.327059927
0.326228517
0.326603029
0.326216935
0.328202111
0.327567525
0.326481032
0.326585831
0.325973458
0.329046283
0.327886311
0.325901404
0.32633135
0.32565637
0.326718302
0.325975661
0.325142172
0.325218196
0.325733202
0.32656316
0.325415035
0.325327002
0.324937537
0.326320223
0.325857259
0.324884535
0.325429924
0.324668512
0.326110912
0.325663693
0.324629327
0.324523864
0.324955375
0.324956607
0.324789474
0.324922958
0.325308997
0.325113121
0.325236858
0.325729661
0.326029294
0.326087897
0.325897591
0.328203026
0.327715198
0.326520279
0.326628689
0.326898188
0.326849247
0.325869959
0.32541164
0.32611788
0.326015524
0.325119614
0.32557605
0.324877129
0.325254019
0.32492604
0.324666916
0.324808118
0.324834788
0.324790956
0.325070341
0.324822707
0.324915068
0.325628645
0.325494258
0.32542184
0.326822596
0.325521846
0.325900225
0.325498579
0.326010135
0.32529133
0.325307148
0.32537432
0.325005843
0.325197998
0.325393905
0.324705757
0.325058031
0.324392665
0.325796382
0.324066217
0.324637221
0.323991746
0.325122848
0.324013524
0.324041298
0.324457358
0.324450519
0.32449231
0.325080492
0.325059442
0.324684375
0.325343549
0.324970697
0.325842853
0.324748819
0.32478217
0.325459736
0.324597055
0.324826217
0.324976071
0.324607598
0.324683297
0.324604662
0.324552386
0.324446993
0.324497911
0.324489087
0.324532219
0.325499792
0.324712767
0.325102182
0.324861747
0.325355202
0.324650028
0.325034692
0.32494818
0.324333048
0.32448634
0.323935801
0.323751454
0.323723531
0.32365895
0.323031599
0.323143586
0.323799737
0.322954854
0.323367418
0.323218273
0.323595997
0.323269085
0.323010791
0.323158579
0.322976658
0.322974936
0.32349208
0.323561554
0.323200069
0.323895457
0.323894995
0.323956513
0.324440543
0.324378625
0.324424131
0.324410466
0.32464188
0.324778791
0.32441164
0.325462665
0.324370314
0.32477219
0.324041828
0.325538437
0.324970773
0.32406689
0.323944612
0.32445834
0.32466855
0.323589755
0.324058517
0.323267449
0.323518871
0.323431683
0.322908293
0.323273934
0.322698098
0.323301429
0.323248575
0.322649692
0.322824188
0.323286709
0.32369653
0.323338409
0.323694447
0.323806931
0.324107669
0.323520039
0.324294619
0.323596253
0.325185821
0.324137886
0.324639397
0.324438626
0.323632515
0.325009357
0.323149667
0.323766732
0.32329622
0.323087407
0.323427733
0.321975641
0.322824947
0.321792381
0.323168878
0.322923012
0.32196002
0.323008571
0.322188662
0.323027024
0.324514026
0.323138182
0.322347593
0.324175349
0.322692938
0.323730007
0.326121193
0.324564915
0.322919909
0.325075622
0.32447986
0.323203498
0.324730658
0.324872757
0.323304686
0.323314772
0.323594492
0.322749289
0.323359476
0.323458557
0.32293295
0.32271105
0.322836143
0.322679196
0.323262796
0.323302552
0.322839284
0.323212066
0.323032832
0.323565244
0.324099439
0.323217757
0.32375249
0.323576409
0.323695121
0.32408513
0.323250022
0.323345277
0.323238815
0.323671606
0.323105816
0.323041369
0.32300977
0.322967896
0.322629129
0.322556699
0.322390779
0.322977544
0.322295603
0.323595824
0.323240242
0.321910113
0.322142593
0.321232034
0.321560522
0.320502472
0.320208319
0.319905654
0.319609067
0.319342096
0.319025076
0.318661005
0.318259821
0.31789061
0.317594859
0.318098905
0.31746079
0.317175948
0.316631671
0.316743702
0.3167228
0.316586811
0.316558949
0.316428355
0.316559591
0.316442235
0.31668346
0.316433086
0.316383211
0.316305416
0.31643848
0.316258293
0.316445486
0.316414313
0.316562864
0.31644613
0.316092166
0.316331343
0.316232992
0.315983922
0.316573821
0.315892243
0.315838846
0.316109663
0.316099822
0.315829279
0.316195507
0.316132567
0.316172735
0.315792557
0.315471965
0.315474956
0.315328847
0.315290468
0.315168667
0.315036447
0.31532403
0.315025684
0.314980411
0.315046942
0.314762445
0.315146412
0.315135011
0.314948335
0.314989441
0.314441151
0.315044856
0.314158889
0.314992088
0.313980871
0.314718216
0.313971229
0.314224898
0.313478917
0.313674122
0.31343969
0.31351773
0.313281717
0.313286324
0.313044917
0.313110544
0.313079144
0.313101462
0.313318674
0.312982091
0.31335791
0.313400952
0.312986971
0.313426059
0.312719614
0.313329948
0.312534753
0.31268692
0.312930726
0.312494134
0.312595806
0.312332558
0.312550447
0.311954875
0.312846332
0.311712585
0.311975861
0.311512542
0.311508489
0.311295223
0.311164453
0.31150015
0.311256277
0.311082911
0.311382954
0.311082072
0.310815174
0.311083825
0.311451917
0.310986883
0.31164022
0.310853396
0.312018636
0.31218014
0.310581358
0.311886274
0.311020562
0.31123046
0.312136311
0.311008874
0.310971233
0.311771512
0.310742658
0.310920438
0.311217102
0.310854715
0.310339978
0.311026069
0.310149133
0.310617821
0.311025707
0.310492024
0.310073332
0.310470271
0.310230498
0.310511943
0.310432921
0.310100625
0.310562644
0.309928889
0.310261513
0.310343717
0.30978086
0.310405953
0.309869707
0.309929236
0.309669351
0.309766429
0.309763761
0.309355442
0.309840267
0.308931392
0.309384469
0.308688746
0.309138111
0.308985189
0.308429026
0.309582144
0.308112656
0.308281287
0.308122259
0.30796819
0.307973802
0.307614396
0.307830089
0.307308131
0.30718447
0.307339606
0.30737735
0.307245905
0.307208938
0.307016178
0.307132911
0.306940248
0.306729335
0.306626695
0.306712203
0.306452388
0.306167694
0.30591865
0.306026951
0.305885971
0.305769012
0.305449087
0.305465211
0.305255062
0.305149496
0.305118245
0.305081551
0.304988443
0.304647001
0.304594817
0.304397379
0.30437559
0.304444329
0.30411119
0.304043672
0.303816517
0.303843843
0.303507367
0.303555359
0.303834575
0.303378456
0.303908423
0.303139879
0.303225122
0.302924526
0.302937803
0.30266656
0.302992184
0.302639768
0.302322027
0.302617967
0.302206603
0.302092374
0.302031339
0.30183061
0.301627628
0.301555023
0.301469482
0.301506194
0.301769345
0.301049674
0.301104844
0.300812952
0.301472762
0.300816067
0.300924218
0.300790552
0.300462493
0.300837514
0.300063186
0.30124237
0.30016276
0.301930336
0.302041897
0.300121007
0.30183332
0.301338065
0.300182136
0.30151761
0.300428546
0.300029205
0.301278266
0.299904465
0.300033114
0.300585699
0.299555247
0.299785934
0.299810674
0.29914054
0.299546341
0.299319204
0.298735216
0.299563987
0.298561379
0.2990901
0.299662427
0.298429237
0.299589435
0.299154781
0.298440817
0.299514259
0.29835095
0.298346369
0.298561145
0.297945258
0.298266708
0.298023813
0.297748336
0.29790316
0.297653771
0.297727527
0.297432208
0.297698008
0.297238967
0.297462364
0.297005004
0.29702112
0.296753765
0.296896511
0.296566517
0.296312691
0.296622009
0.296091848
0.295860971
0.295698621
0.295869198
0.296082717
0.295545504
0.295765526
0.295165289
0.295857279
0.294970156
0.296244866
0.295609227
0.295109145
0.295370218
0.294393958
0.295185567
0.294333368
0.294596578
0.294864514
0.294119066
0.294123495
0.294012514
0.293836782
0.29393188
0.293580964
0.293869128
0.293249759
0.293278783
0.293171074
0.293094302
0.293027823
0.29283439
0.292689455
0.292873081
0.292559953
0.292500035
0.292362563
0.292403486
0.29223468
0.292469885
0.292070081
0.292115756
0.292068564
0.291641009
0.292126529
0.291263842
0.292998988
0.292252899
0.291651122
0.291995646
0.29043482
0.291272122
0.290403766
0.291580719
0.291485678
0.29018364
0.291320785
0.290511935
0.290630761
0.291470189
0.290433587
0.290392658
0.291869522
0.290717274
0.290233974
0.291260378
0.290716749
0.289666411
0.290399972
0.290010448
0.289729008
0.290177506
0.289979226
0.289360825
0.290130607
0.289436236
0.289615048
0.290117589
0.289328883
0.289444444
0.28958012
0.288936147
0.28927003
0.289084776
0.288606664
0.288810498
0.288485928
0.288583234
0.288524331
0.288186064
0.288249729
0.28798368
0.288005067
0.287858476
0.287651223
0.287697652
0.287644257
0.287274965
0.287216759
0.28723704
0.286826552
0.286627268
0.286733123
0.286961755
0.286563623
0.286464295
0.28677109
0.286455779
0.286440723
0.286541992
0.286564346
0.286464275
0.286464999
0.286423141
0.286450582
0.286500205
0.286360698
0.286420176
0.286464816
0.286451848
0.286861704
0.286726758
0.286570529
0.286670279
0.286715986
0.28690512
0.28694483
0.28678082
0.286736912
0.286736708
0.286686865
0.286688463
0.286684259
0.286538549
0.286534129
0.286487771
0.286545862
0.286448488
0.286352355
0.286302175
0.286249364
0.286154807
0.286088434
0.286048476
0.286039994
0.285926077
0.285840828
0.285771244
0.285794474
0.285748881
0.285587034
0.285542043
0.28555537
0.285502241
0.285342947
0.285280292
0.285191305
0.285181965
0.285073367
0.285115802
0.284981566
0.284959973
0.284819453
0.28490583
0.284682594
0.284612042
0.284563972
0.284492718
0.284424629
0.284373492
0.284448254
0.284263488
0.284184867
0.284101291
0.284150437
0.284042976
0.283905056
0.283854759
0.283802322
0.283817384
0.283760451
0.283639393
0.283556317
0.283497824
0.28351375
0.283521119
0.283410843
0.283276655
0.283226885
0.283162011
0.283191534
0.283170889
0.283037164
0.282911112
0.282854147
0.282864829
0.282859831
0.282794206
0.282691296
0.28262412
0.282575252
0.28259066
0.282581349
0.282453272
0.282390485
0.282346417
0.282475288
0.282426212
0.282210574
0.282157164
0.282134401
0.282130285
0.282019968
0.281947423
0.281902075
0.281907204
0.281823104
0.281752079
0.2817097
0.281719924
0.28161632
0.281554387
0.281544189
0.281421477
0.28135342
0.281333265
0.281259679
0.281186375
0.281141663
0.281092628
0.281004456
0.280918932
0.280836465
0.280768225
0.280682626
0.280604343
0.280546896
0.280459115
0.280388599
0.280330504
0.28022983
0.280158682
0.28012839
0.280070209
0.279980541
0.279908078
0.279865081
0.279816012
0.279695649
0.279622462
0.279556499
0.279541738
0.279430684
0.279375069
0.279306281
0.279307627
0.279174708
0.279058489
0.278985559
0.278924052
0.278821593
0.278847772
0.278780643
0.278623506
0.278544119
0.278491346
0.278432566
0.278264679
0.278135622
0.278027413
0.277961595
0.277895285
0.277857486
0.277730393
0.277635991
0.277606849
0.277500627
0.277412826
0.277346602
0.277301246
0.27719768
0.277116218
0.276986463
0.276962972
0.276931799
0.276743045
0.276668289
0.276587574
0.276525985
0.27644494
0.276349463
0.276277805
0.27629435
0.276173708
0.276048056
0.275977393
0.275934507
0.275793082
0.275695727
0.275695816
0.275570598
0.275428337
0.275364696
0.275331495
0.275234637
0.275112212
0.275013912
0.274932889
0.274869072
0.274805756
0.274658806
0.27457135
0.274503881
0.274500929
0.274332589
0.274248491
0.274159726
0.274152922
0.27398263
0.273889526
0.27383174
0.273823719
0.27377234
0.273665917
0.273551072
0.273475
0.27342048
0.273384228
0.273261582
0.273154952
0.273075393
0.273092043
0.272987953
0.272839351
0.272761393
0.272765508
0.272685065
0.272506848
0.272436092
0.272372301
0.272235078
0.272189051
0.272176016
0.272015572
0.27186304
0.27175462
0.27173482
0.271629131
0.271443788
0.271348265
0.271323847
0.271182138
0.27105364
0.270973116
0.270903525
0.270819309
0.270720519
0.270613919
0.270510647
0.27049844
0.270382298
0.270228053
0.270153276
0.270105706
0.269978159
0.269847496
0.269797214
0.269735611
0.269644606
0.269532457
0.269436977
0.269439856
0.269449293
0.269284661
0.269140233
0.269052232
0.269136691
0.269098761
0.268870379
0.268719131
0.268616736
0.268594923
0.268630227
0.268484785
0.268315032
0.26818155
0.268086481
0.26803364
0.268013187
0.267882206
0.267772299
0.267708028
0.267738794
0.267586793
0.267454247
0.267372923
0.267369058
0.267320672
0.267161355
0.267024858
0.266931932
0.26696415
0.266956024
0.266845725
0.266669064
0.266530914
0.266438381
0.266378617
0.266356567
0.266246362
0.266092732
0.266010265
0.266062247
0.265957365
0.265740741
0.265643018
0.265605903
0.265584779
0.265511882
0.265405568
0.265297918
0.265206373
0.265152195
0.265117385
0.264989496
0.26484446
0.264777353
0.264781023
0.264630814
0.264486407
0.264411276
0.264379806
0.264512282
0.264345376
0.264110711
0.264048402
0.264026326
0.264069784
0.26405676
0.263829695
0.263678442
0.263573358
0.263510968
0.263539453
0.26357016
0.263300675
0.263078082
0.263002128
0.262902921
0.262948492
0.262970184
0.262739689
0.262606567
0.262537316
0.262507283
0.262515329
0.26242058
0.26230918
0.262220669
0.262182259
0.262159396
0.262118871
0.262051339
0.261962785
0.261868618
0.261805167
0.261783346
0.261709091
0.261618321
0.261558727
0.261603384
0.261515138
0.26135938
0.261290923
0.261272288
0.261265341
0.261196431
0.261103264
0.260998774
0.260912146
0.260841679
0.260786164
0.260739939
0.260647062
0.26063668
0.260539621
0.260459331
0.26045497
0.26034235
0.260280462
0.260275198
0.260227716
0.260158635
0.260083439
0.260018097
0.260029204
0.260025536
0.259980004
0.259891166
0.259784807
0.259716089
0.259681749
0.259772684
0.259719874
0.259561051
0.259520488
0.259515356
0.259524774
0.259497654
0.259433225
0.259353124
0.259342121
0.259317875
0.259289985
0.259209124
0.259206012
0.259318313
0.259299201
0.259178273
0.259169688
0.259273633
0.259354442
0.259335542
0.259299367
0.259264607
0.259248629
0.259255563
0.259282058
0.259339965
0.259280295
0.259149658
0.259116226
0.259185251
0.259115483
0.259222407
0.259182681
0.259103892
0.25912825
0.25922459
0.259356874
0.259334597
0.259362692
0.259449129
0.259590747
0.259646308
0.259634955
0.259691907
0.259835413
0.259786345
0.259850175
0.259775513
0.259793985
0.259949683
0.259883418
0.25981426
0.259746005
0.259696173
0.259753934
0.259791274
0.259784826
0.259627724
0.259604942
0.259697334
0.259664049
0.259547654
0.259549597
0.259597689
0.259529803
0.259411086
0.259410788
0.25944432
0.259293717
0.259186114
0.259190666
0.259190767
0.258975636
0.258920077
0.258967589
0.259275611
0.25910423
0.258872482
0.258849613
0.258908946
0.259252091
0.25916484
0.258911257
0.258802828
0.258792142
0.258958466
0.259174944
0.25906334
0.258786799
0.258635332
0.258625559
0.258810273
0.258975319
0.258852498
0.258664781
0.258508298
0.258503752
0.258523347
0.258531618
0.258494759
0.258397445
0.258210577
0.258169385
0.258236304
0.258203654
0.25819436
0.258296053
0.258244167
0.258217543
0.258295755
0.258353524
0.258325759
0.258282663
0.258325912
0.258477486
0.258447184
0.258334762
0.258323993
0.258364532
0.258548652
0.258456724
0.258363746
0.258313676
0.258356371
0.258435678
0.258361289
0.258201127
0.258108486
0.258060451
0.258037656
0.258021944
0.257859819
0.257686953
0.257574267
0.257550691
0.257579796
0.257508316
0.257332841
0.257216378
0.25720208
0.257215297
0.25722612
0.257143926
0.257068196
0.257019988
0.257113793
0.257213744
0.257128325
0.256990815
0.25694118
0.256956796
0.257014306
0.257104148
0.257016092
0.256819665
0.256687057
0.256655538
0.256645296
0.256695738
0.256523455
0.256278273
0.256191806
0.256233089
0.256202765
0.256026763
0.25589621
0.255872912
0.25591696
0.255929816
0.255879665
0.255807927
0.255791408
0.255829041
0.255815589
0.255689884
0.255617078
0.255536406
0.255582418
0.255538884
0.255390152
0.255288548
0.255196807
0.255122236
0.255007693
0.25496807
0.254885604
0.254777321
0.254696047
0.254631112
0.254595876
0.254481497
0.254404755
0.254325565
0.254361552
0.254327462
0.254200983
0.254086887
0.254050832
0.254074014
0.254050185
0.25400752
0.254110564
0.254156864
0.254055856
0.253971311
0.253954211
0.254021737
0.254042814
0.253939666
0.253859257
0.253858069
0.253873946
0.253803715
0.253734072
0.253751381
0.253742206
0.253647372
0.253595159
0.253613732
0.25357469
0.253457153
0.253383266
0.253407422
0.253387025
0.253266302
0.253161751
0.253205362
0.253170847
0.253048268
0.252971105
0.252922243
0.252851892
0.252762473
0.252659256
0.252575537
0.252493396
0.252472879
0.252417663
0.252316926
0.252214266
0.252181506
0.252197157
0.252142157
0.252074829
0.252065419
0.252188049
0.252219509
0.252156425
0.25210745
0.25209822
0.252130054
0.252217202
0.252265139
0.252231729
0.252182758
0.252194284
0.252240984
0.252337054
0.252381087
0.252308467
0.252290152
0.252312332
0.252448804
0.252510088
0.25261447
0.252770188
0.252945351
0.253077217
0.252949642
0.252784736
0.25257796
0.252392694
0.252190543
0.251969128
0.251778906
0.25159449
0.251415742
0.251235373
0.251052824
0.250871117
0.250764859
0.250704733
0.250667149
0.250537486
0.25041711
0.250309362
0.250210375
0.250104376
0.250003128
0.249903613
0.249820777
0.249737154
0.249644243
0.249552558
0.249473652
0.249419812
0.249346568
0.249264775
0.249204841
0.249156787
0.249121246
0.249107224
0.249065956
0.249040091
0.249035778
0.249047588
0.249052197
0.249036609
0.24901508
0.248918472
0.248739306
0.248562156
0.248386403
0.24821199
0.24803903
0.247868665
0.24770684
0.247539902
0.247361375
0.247179087
0.246999557
0.246822386
0.246638616
0.24644323
0.246257229
0.246066053
0.245878847
0.245692685
0.245492875
0.245286314
0.245087845
0.244890985
0.244701254
0.24450677
0.244303622
0.244097881
0.243901474
0.243697309
0.243470425
0.2432401
0.243009842
0.242776737
0.242542906
0.242308693
0.24207374
0.241834408
0.241601915
0.241359846
0.241124128
0.240883333
0.240636892
0.240392185
0.240137743
0.239881609
0.23962012
0.239358451
0.239093607
0.238822836
0.238556638
0.238280974
0.238002275
0.237726058
0.23744598
0.237170586
0.236890018
0.236606521
0.236326107
0.236041854
0.235763246
0.235474823
0.235185471
0.234889082
0.234588106
0.234281074
0.233978661
0.233663142
0.233336937
0.233016479
0.232688214
0.232353298
0.232027015
0.231688636
0.231344322
0.231017526
0.230666276
0.230322093
0.229971576
0.229610994
0.229243487
0.228885257
0.228508474
0.228122383
0.227744896
0.22737438
0.227008296
0.22664537
0.226285908
0.225921618
0.225532257
0.22510594
0.224696956
0.224286871
0.223918803
0.223600045
0.223269336
0.222905487
0.222596775
0.222292061
0.222026425
0.221778892
0.221493815
0.221169969
0.220881932
0.220616605
0.220415501
0.220225506
0.220005523
0.219750064
0.219484274
0.219234703
0.218999015
0.218750513
0.218523989
0.21830448
0.218067218
0.217801914
0.217474869
0.217105982
0.216757228
0.216439659
0.216148044
0.215879552
0.215617332
0.215348351
0.215003286
0.214574507
0.214027906
0.213540825
0.21307892
0.212626776
0.212133163
0.211689706
0.211288794
0.210799076
0.210359473
0.209948159
0.209607881
0.209196676
0.208738122
0.20831685
0.207948429
0.207583614
0.207207239
0.206908168
0.206585423
0.206247505
0.20596294
0.205701306
0.205492678
0.205175937
0.204830862
0.204566946
0.204392956
0.204180824
0.203921555
0.203636145
0.203351514
0.203085479
0.202846518
0.202624794
0.202397419
0.202172873
0.20192096
0.201651342
0.201383655
0.201124951
0.200876945
0.200637343
0.200400523
0.200160306
0.200002549
0.199855013
0.199712207
0.199588219
0.199411216
0.199224175
0.199083197
0.198940325
0.19878873
0.19871041
0.198410755
0.198074037
0.197892254
0.197898566
0.197943567
0.197842712
0.197572079
0.197280131
0.197029187
0.196823716
0.196780361
0.19669009
0.196643792
0.196601199
0.196549476
0.196486861
0.196373342
0.196258069
0.196162383
0.196031609
0.195862499
0.195712186
0.195504609
0.195250365
0.195043104
0.194942456
0.194898982
0.194694924
0.194478055
0.194198293
0.193895195
0.193572873
0.193653845
0.193443234
0.193510776
0.193478204
0.193320749
0.193200416
0.193043892
0.19287205
0.192690399
0.192448125
0.192157007
0.191975094
0.191855638
0.191902939
0.191621704
0.191305635
0.191017165
0.19073253
0.190462678
0.190010761
0.189802828
0.189657395
0.189435868
0.189155485
0.188874347
0.188624075
0.188287929
0.188216429
0.187887114
0.187642795
0.187606668
0.187238568
0.187064299
0.18674235
0.186731962
0.186356726
0.186052707
0.185942138
0.185769457
0.185269789
0.185284187
0.184750125
0.184999537
0.184713221
0.183955866
0.183828578
0.183917364
0.183846792
0.18340464
0.183059244
0.182755769
0.182535507
0.182336328
0.18182574
0.181631083
0.181272804
0.181113854
0.18077012
0.180348731
0.180034429
0.179966683
0.179784015
0.179352992
0.179152336
0.178966508
0.178861989
0.178554822
0.178041414
0.177723752
0.177571258
0.17743893
0.176944367
0.176634333
0.176307074
0.176251444
0.175890099
0.175269997
0.174918777
0.175236272
0.175144751
0.17456737
0.174155908
0.17384416
0.173551275
0.173351914
0.172846445
0.172229684
0.171966018
0.171586586
0.171222873
0.170882695
0.170715924
0.170173006
0.169918319
0.169872469
0.169628009
0.169165437
0.168830487
0.169034574
0.168929028
0.168256803
0.167857416
0.167465424
0.167296712
0.166850227
0.166324367
0.165891816
0.165847963
0.165354813
0.164912047
0.164499336
0.164887645
0.164744472
0.164043048
0.163746243
0.163396583
0.16333206
0.163145647
0.162501458
0.161868262
0.161482388
0.16131681
0.160853929
0.160283278
0.159851946
0.15983995
0.159381118
0.15893218
0.158619708
0.158590677
0.158355711
0.157794744
0.157504116
0.157233492
0.157162274
0.156644432
0.156120443
0.155758431
0.15554492
0.155152019
0.154596126
0.15419343
0.154169109
0.153794143
0.153203655
0.152915703
0.152696496
0.152338105
0.1518842
0.15183582
0.151639554
0.151001802
0.150731598
0.150246834
0.150384508
0.150096372
0.149178926
0.149027591
0.148455023
0.148831594
0.148651798
0.147779871
0.147645765
0.146981802
0.14716337
0.146955468
0.146036684
0.145843502
0.145235568
0.14545228
0.145401709
0.144427623
0.144202539
0.14382779
0.143631325
0.143674901
0.142920766
0.142537967
0.142060372
0.142428398
0.142402611
0.141486985
0.141373204
0.140717712
0.14142108
0.141694976
0.140674992
0.140082313
0.139854268
0.140046249
0.140398392
0.139725066
0.138831804
0.138757759
0.138361168
0.138334378
0.137785337
0.137283002
0.136986918
0.13668871
0.136560193
0.136256249
0.135767617
0.13550077
0.135241554
0.135216281
0.134765136
0.134382571
0.133979072
0.133964493
0.133528187
0.133012403
0.132675331
0.132549203
0.132320922
0.131899715
0.131638831
0.13148493
0.131188195
0.130893327
0.130795187
0.130381005
0.130115601
0.129721608
0.129617638
0.129314133
0.128926507
0.128740766
0.128518854
0.128261142
0.128066859
0.12782512
0.127375625
0.12722898
0.126814783
0.126550066
0.126413337
0.126089201
0.126196803
0.125909302
0.125523436
0.125312135
0.125273773
0.12475001
0.124505408
0.124495618
0.124179935
0.123830753
0.123621523
0.123484611
0.123537799
0.123108624
0.123008144
0.122802166
0.122781131
0.122208984
0.122011083
0.121689526
0.121950902
0.121542677
0.121071773
0.120848497
0.121069026
0.120959086
0.120352804
0.120219697
0.120099207
0.119953542
0.119575408
0.119373245
0.119299689
0.118870148
0.118613658
0.118595161
0.118302886
0.117917961
0.117644162
0.117812836
0.117479174
0.116953007
0.116702869
0.1168228
0.116585633
0.116079522
0.115871172
0.11585205
0.115640062
0.115173035
0.114941858
0.114940591
0.114609114
0.114327623
0.114151798
0.113993779
0.113655104
0.113407051
0.113590445
0.11322603
0.112770619
0.112510273
0.112671466
0.112378753
0.11189403
0.111675914
0.111821411
0.111526427
0.111087159
0.110954701
0.110910584
0.11047523
0.110331941
0.110267229
0.110075862
0.10964969
0.109500968
0.109348072
0.109002606
0.108915885
0.108606892
0.108317085
0.108368261
0.10807585
0.107733682
0.107535174
0.107664534
0.107251773
0.107061529
0.106748328
0.107145961
0.106896876
0.106309923
0.1061657
0.106429901
0.106268935
0.105730222
0.105574339
0.10583574
0.105663923
0.105098304
0.104941505
0.10521983
0.10509631
0.104483561
0.104361537
0.104286677
0.104197455
0.103727772
0.103512756
0.103494535
0.103266238
0.102838115
0.102635259
0.102570755
0.102327776
0.102009845
0.101828941
0.10181353
0.101392135
0.101174109
0.101181438
0.101012741
0.100598252
0.100530943
0.100461258
0.100136288
0.100009186
0.100135887
0.0998398872
0.0996719399
0.0994595448
0.0998670001
0.0996418677
0.0990694741
0.0989513748
0.0991124331
0.0988631563
0.0986223376
0.0985101174
0.098700873
0.098347101
0.0980392822
0.0978856516
0.0981341884
0.0979194008
0.0974269658
0.0973074831
0.0975600345
0.0975431785
0.0970025473
0.0968456807
0.0966710559
0.0968123957
0.0965199891
0.096153652
0.096019795
0.0960422643
0.0957376503
0.0955116032
0.095456313
0.0953235639
0.0950554002
0.0949913716
0.0947888293
0.0945379141
0.0945185149
0.0943350959
0.0940512208
0.0938971178
0.0941730765
0.0940550126
0.0936231584
0.0936219612
0.0934910384
0.0933175896
0.0935468706
0.0934663986
0.0930303308
0.0929199269
0.0930658903
0.0930616492
0.0927164325
0.0925831351
0.0926349343
0.0926733528
0.0923690204
0.0922274384
0.0921816625
0.0920905045
0.0917860734
0.0916821419
0.0916297348
0.0913094692
0.0911984673
0.0911354221
0.0909620114
0.0907820814
0.0907690891
0.0905824827
0.090372525
0.0905155287
0.0904191497
0.090033068
0.0899414675
0.0902918785
0.0903150301
0.0898832874
0.08983644
0.0900532348
0.0901639112
0.089875126
0.0896991617
0.0896392876
0.0897581395
0.0895468707
0.0893112059
0.0891792388
0.0893552463
0.0892615968
0.0888851553
0.0887911348
0.0887843977
0.088567813
0.0885247431
0.0882905393
0.088328589
0.0880891285
0.0878787308
0.0880430992
0.0879125425
0.0875804328
0.0875908929
0.0876348497
0.0874068488
0.0873239252
0.0874767466
0.0873600338
0.087151544
0.0872228648
0.0871477159
0.0869358459
0.0870345754
0.0871538904
0.0868803443
0.0867427674
0.0868386957
0.0870392434
0.0868299161
0.0866109812
0.0866845545
0.0867370428
0.0864861633
0.0863275785
0.0865477107
0.0865406237
0.0862220005
0.0860894005
0.0863430496
0.0863962159
0.0861056574
0.0859971596
0.086104383
0.0862763138
0.0860265279
0.0858509242
0.0859137451
0.0858849674
0.08560127
0.0855798626
0.0855030297
0.0854316521
0.0852816389
0.085315679
0.085253419
0.08509734
0.0851643235
0.0849595258
0.0848517264
0.0849453367
0.0847086419
0.0845708731
0.0845934542
0.0846446204
0.084510091
0.0843470861
0.0844110645
0.0842827085
0.0841816205
0.0844543266
0.0842598178
0.0839852525
0.0839285393
0.0845989408
0.0846416123
0.084056801
0.084015788
0.0840703959
0.0846944235
0.0847578711
0.0842286654
0.0840906069
0.0841766646
0.0845429892
0.0843963381
0.0839339374
0.0838053721
0.0838735524
0.0842130566
0.0840010834
0.0835363919
0.0834695656
0.0836814273
0.0839070601
0.0835730589
0.0832940285
0.0833247067
0.0834229716
0.0832102275
0.0830136129
0.0829265242
0.082918076
0.082789907
0.0825653463
0.0824606987
0.0826962897
0.0825396868
0.0822177415
0.0821929529
0.0827528451
0.0826881759
0.0821686544
0.0821550864
0.0823231749
0.0826928086
0.0824978558
0.0821426991
0.0821134637
0.0823275229
0.0825289807
0.0822267664
0.0820382597
0.0820146649
0.0821838689
0.0822703947
0.0819648415
0.0818383383
0.0818414003
0.0821993079
0.0819887944
0.081537878
0.081472466
0.0818610118
0.0818217681
0.0813561839
0.0812599035
0.0814533233
0.0818934068
0.0816405555
0.081269277
0.0812424824
0.0814525283
0.0820545623
0.0818656393
0.0813142977
0.0812855031
0.0815292763
0.0819702644
0.0817638568
0.08128547
0.0812220999
0.0814430326
0.0818033482
0.0815224861
0.0811597683
0.0810379013
0.081260519
0.0815548964
0.0812851213
0.0809745977
0.0808808758
0.0809735235
0.0810882176
0.080812008
0.0805596204
0.0805157715
0.0806285266
0.0805845104
0.0803546908
0.0801850679
0.0802374695
0.080375625
0.0801086997
0.0799701522
0.0801152464
0.0802209591
0.0799338571
0.0798611913
0.0799551266
0.080175039
0.0799774972
0.0798261061
0.0799289572
0.0801929452
0.0800198079
0.0798408174
0.0799201093
0.0801823845
0.0800008606
0.0798070234
0.0799663702
0.0800656946
0.0797924127
0.0797090249
0.0798316924
0.0798882736
0.0797629845
0.079584548
0.0795740144
0.0797618274
0.0795905407
0.0794312651
0.0795643413
0.0795815743
0.0793149518
0.0793995186
0.0794517992
0.0793382137
0.0792988641
0.0793572821
0.079352051
0.0792928686
0.0792499886
0.0792277246
0.0792198292
0.0791646402
0.0790706187
0.0790875002
0.078996206
0.0789646633
0.079443437
0.0792960692
0.078950305
0.0790078945
0.0796309868
0.0796572572
0.0791643746
0.0791268865
0.0794632927
0.0796357889
0.0793363717
0.0792366408
0.0793202285
0.0795091956
0.0795115884
0.079339832
0.0792838053
0.0793615251
0.0793954501
0.079348288
0.0791304041
0.0793086191
0.0791666599
0.0789391952
0.0788879029
0.078867991
0.0788531308
0.078723383
0.0787263745
0.0786915159
0.0786210533
0.0785877816
0.0785871862
0.078542391
0.0786049912
0.078536745
0.0785278756
0.0786205168
0.0786000622
0.0786407684
0.0785994507
0.0787563998
0.0787543896
0.078655122
0.0786330273
0.0789862447
0.0786892912
0.0785624396
0.0789596224
0.0787828149
0.0785458184
0.0786080961
0.0789346208
0.0786839464
0.0785463311
0.0786328446
0.0788506439
0.0785969906
0.0785208286
0.0785851573
0.0786033831
0.0783655395
0.0784141464
0.0785307433
0.0784375045
0.078219185
0.0783741253
0.0784153614
0.0782797631
0.078295183
0.0782868812
0.0782566687
0.0783738584
0.078155126
0.0782014394
0.0783389989
0.0780994886
0.0781304914
0.0782430591
0.0782062237
0.0780771524
0.0781752112
0.0782260028
0.0781876404
0.0780986506
0.0782803059
0.0780998372
0.0781295003
0.0781309074
0.0780637629
0.078092635
0.0780241026
0.0780972727
0.0780696331
0.0780056005
0.0780405719
0.0780991363
0.0779125668
0.0781854869
0.0780897672
0.0779590178
0.0780971116
0.0783193166
0.0783600453
0.0782754624
0.0783321595
0.0785624
0.0784516203
0.0785372989
0.0785584648
0.0785098402
0.0784284855
0.0784716685
0.0784294196
0.0784539666
0.0783690206
0.0783682102
0.0785059023
0.0784888876
0.0784103543
0.0783831637
0.0784712028
0.0785907136
0.0783589879
0.0783746138
0.078533974
0.0785446578
0.0784362593
0.078471942
0.0786346348
0.0786759445
0.0786362413
0.0787358051
0.0787725453
0.0787580798
0.0787711464
0.0788083228
0.078788916
0.0787356748
0.0788011526
0.0789750732
0.0789340529
0.0788288959
0.0789198721
0.0792200299
0.0793800309
0.0790985666
0.079120647
0.0793546832
0.0795461841
0.0795574456
0.0794460886
0.0794966533
0.0796900453
0.0797976709
0.0797914204
0.0797389594
0.0798473134
0.0799170771
0.0799146331
0.0798733692
0.0799663343
0.0801875531
0.080170535
0.0800619442
0.0801055727
0.0802946378
0.0803855738
0.0803358425
0.0802233151
0.0803264389
0.080355773
0.0802857009
0.0803215189
0.0804420308
0.0803920825
0.0804254172
0.0805456565
0.0805291857
0.0806330207
0.0806257484
0.0806159509
0.0808125317
0.0808369187
0.0807034925
0.0807145905
0.0809138936
0.0809397688
0.0808312929
0.0809346589
0.0812510362
0.0813063342
0.0811787284
0.0813556903
0.0815355268
0.081669381
0.0817408798
0.0817716241
0.0817983649
0.0819081366
0.0819987119
0.0820469559
0.0822585693
0.0823412395
0.0823468103
0.0825245383
0.0828775893
0.0830818426
0.0831399657
0.0831688481
0.0834507304
0.0837061005
0.0835450984
0.0836591623
0.0837737817
0.0838417008
0.0840746674
0.0841373081
0.0841222219
0.0843033688
0.0846741345
0.0849187871
0.0850023259
0.0850549159
0.0853512261
0.085625966
0.0857986853
0.0858668895
0.085896874
0.086175363
0.0863693408
0.0864362758
0.0864517149
0.0866840301
0.0871262716
0.0873155946
0.0873033518
0.087320631
0.0876150535
0.0879394806
0.0881353112
0.0881628021
0.0881472125
0.0883802598
0.0888488397
0.0890702979
0.0890566553
0.0890641824
0.0893625868
0.0899738979
0.0903124569
0.0903016882
0.0902246102
0.0904886063
0.0907888478
0.0910414705
0.0911410502
0.0911028585
0.0913261596
0.0914546808
0.091795549
0.0919470898
0.0919974599
0.0922753375
0.0927756553
0.093008478
0.0930144031
0.0930479487
0.0933801145
0.0940241488
0.0942687188
0.0941216502
0.0940155874
0.0942799013
0.0949173835
0.0952598186
0.0951213283
0.0949216503
0.0949918097
0.0953234985
0.0958208872
0.0958390577
0.0958392408
0.0959531227
0.0962728294
0.0967512162
0.0972284712
0.0976075414
0.0979729751
0.0984172766
0.0989850777
0.099653892
0.100000178
0.100479587
0.101090794
0.101391361
0.101872874
0.102480442
0.102754952
0.103168411
0.103726821
0.104359825
0.104969215
0.105526178
0.106095669
0.106751878
0.107548954
0.108014849
0.108669537
0.109499576
0.109868214
0.110424307
0.111132832
0.111372094
0.111792618
0.11241872
0.113063367
0.113578951
0.113992365
0.114450423
0.11504618
0.115794513
0.116514382
0.11715368
0.117744359
0.118391447
0.119232263
0.120083903
0.120854161
0.121645745
0.122474076
0.123323506
0.123999581
0.124466317
0.124974438
0.125577258
0.126236952
0.126780588
0.127222812
0.127716198
0.12847749
0.129424559
0.129911468
0.130332332
0.13135811
0.132675643
0.133066631
0.133514571
0.134401137
0.135957111
0.136570819
0.136602088
0.137324541
0.138957577
0.139756231
0.139794523
0.140753087
0.142293434
0.142996939
0.143414416
0.144566822
0.146300518
0.146496979
0.147321932
0.148868654
0.149507679
0.150075288
0.151119327
0.151443564
0.151889383
0.152969747
0.152734008
0.153129557
0.154286629
0.15361265
0.153517731
0.15379659
0.154728393
0.15374315
0.153811327
0.154166789
0.154218278
0.153844456
0.153721352
0.15381333
0.154177005
0.154012111
0.153686545
0.15355199
0.153713576
0.154204995
0.154312704
0.154706834
0.155325431
0.156243242
0.157177341
0.157698301
0.158034587
0.158477684
0.159278802
0.159706031
0.15985071
0.160286638
0.16092988
0.161286556
0.161858014
0.162342877
0.163035053
0.163809461
0.163669498
0.164055475
0.164453638
0.164737912
0.164241779
0.164219217
0.164159237
0.164317979
0.164083542
0.164087096
0.164099729
0.164316969
0.163943365
0.163850938
0.164167992
0.164208326
0.164081515
0.164266324
0.16461527
0.165078283
0.165116964
0.165323923
0.165613197
0.165839778
0.165887191
0.166072299
0.166696985
0.166839739
0.166858143
0.167124643
0.167606985
0.168037845
0.168204188
0.168566191
0.169228436
0.169311509
0.169663346
0.17008613
0.170370295
0.170629883
0.170949823
0.171349818
0.171769126
0.172015335
0.172058815
0.172114247
0.171924929
0.171841606
0.171856024
0.171956974
0.172156942
0.172318144
0.172495333
0.173242139
0.173275617
0.173589814
0.173507103
0.174981903
0.174063862
0.174760525
0.1743705
0.175826817
0.174746967
0.175317926
0.175309836
0.175744135
0.175665951
0.175809227
0.175837978
0.175644063
0.175813414
0.176161097
0.176167171
0.175905275
0.176637588
0.176254546
0.176964003
0.176338613
0.177047584
0.176521509
0.176945255
0.176829114
0.176478368
0.176782307
0.176273394
0.176448082
0.175876811
0.175874789
0.175943267
0.175940343
0.175837314
0.175724808
0.175752356
0.175393834
0.175412311
0.175547022
0.175054501
0.175133074
0.174342667
0.175134316
0.174324062
0.174607494
0.173630527
0.174601843
0.17419282
0.173441995
0.173373512
0.173244675
0.173212894
0.172343341
0.172229405
0.171626552
0.171508106
0.171024971
0.170822789
0.170652021
0.170328838
0.170409576
0.169766325
0.169444272
0.169234437
0.168601623
0.168186168
0.167645601
0.16743523
0.166774683
0.166309708
0.165894055
0.165531438
0.165198616
0.164826692
0.164432654
0.164030885
0.163624529
0.163214325
0.162797106
0.162355644
0.161877528
0.161388615
0.160900742
0.160419164
0.15995263
0.159537403
0.159121669
0.158703279
0.158395534
0.15802574
0.157729759
0.157440407
0.157240676
0.156955883
0.15658411
0.156245114
0.155869745
0.155526282
0.15514599
0.154761725
0.154397943
0.154068234
0.15368333
0.153275168
0.152894803
0.152522783
0.152166425
0.151834378
0.15150981
0.151216291
0.150886065
0.15067074
0.150377442
0.149926184
0.14950099
0.148969618
0.148553852
0.148100818
0.147580711
0.147064637
0.146609779
0.146176616
0.145708203
0.145218877
0.144787187
0.144332272
0.143890981
0.143506376
0.143076862
0.142659468
0.142256223
0.141926006
0.141510741
0.141122444
0.140753419
0.140458661
0.14011807
0.139694702
0.1392252
0.138802981
0.138394953
0.13805429
0.137664488
0.137174135
0.136735229
0.13632423
0.135937961
0.135614016
0.135213296
0.134886851
0.134572258
0.134297453
0.134023924
0.133652336
0.133235064
0.132859655
0.132492248
0.132144399
0.13175186
0.131361553
0.13097137
0.130583071
0.130200407
0.129834886
0.129477437
0.129157001
0.128856601
0.128556612
0.128265793
0.127997901
0.127745354
0.127424811
0.127118653
0.126817455
0.126520451
0.126164069
0.125800166
0.125375708
0.125001226
0.124638549
0.124300903
0.124040332
0.123613568
0.123264421
0.122935268
0.122621615
0.122320238
0.122012256
0.121714054
0.121424311
0.121142726
0.12087741
0.120561271
0.120268425
0.119990364
0.119688087
0.119403051
0.119145398
0.118847476
0.118597717
0.118356512
0.118179763
0.117887376
0.117620347
0.117374718
0.117134872
0.116919357
0.116747619
0.116461657
0.116104912
0.11583954
0.115566039
0.115351428
0.115156343
0.114819322
0.114585928
0.114357712
0.114135545
0.113915427
0.113692005
0.113403211
0.113161777
0.112921802
0.112695441
0.112527469
0.112221345
0.111909031
0.111626845
0.111359351
0.111119298
0.110809098
0.110545166
0.110295869
0.110057289
0.109892215
0.109510746
0.109230907
0.108956254
0.10886565
0.108519553
0.108313503
0.108115124
0.107848697
0.107775993
0.107536282
0.107215961
0.10703504
0.106823171
0.106662774
0.106539387
0.106302762
0.106125781
0.10597267
0.105826589
0.105751212
0.105472753
0.10522282
0.105003817
0.104764335
0.104808078
0.104434982
0.104164518
0.103996802
0.10374364
0.103636732
0.103499272
0.10311916
0.102844683
0.102621348
0.10240873
0.102242062
0.102059296
0.101798119
0.101593166
0.101414575
0.101241192
0.101126008
0.100983036
0.100734814
0.100570293
0.100391271
0.100329301
0.100051897
0.0998376029
0.0996281255
0.0993821892
0.09935429
0.0989972875
0.098778368
0.098591161
0.0983437206
0.098189063
0.0981019904
0.0977831967
0.0976530676
0.0974795482
0.0972965471
0.0972411854
0.0970598506
0.0968296736
0.0967110691
0.096556482
0.0963882101
0.0963623745
0.0961049727
0.095958183
0.0958220746
0.095680131
0.0956192761
0.0954083983
0.0952643489
0.0951162995
0.0949727722
0.0948355267
0.0946756592
0.0945324504
0.0944055847
0.0942511299
0.094113572
0.0939821631
0.0939574896
0.0937894005
0.0937101082
0.0935661199
0.0935203556
0.0934249894
0.0932030828
0.0930503939
0.0929146625
0.0927865276
0.0927343915
0.0925617173
0.0924685011
0.0923859462
0.0922907135
0.0922739901
0.0920954896
0.0919945647
0.0918804588
0.0919008942
0.0916486747
0.0915304727
0.091420968
0.0912827743
0.0911392463
0.0910096285
0.0909541232
0.0908010595
0.0906751833
0.0905165482
0.0905931856
0.0902967437
0.0902485158
0.0901331863
0.0900507722
0.0898984425
0.0898284512
0.0897213235
0.0897661098
0.0896338186
0.0895633912
0.0894875811
0.089330368
0.0892465442
0.0891097323
0.0889621832
0.0889078506
0.0889159083
0.0887254114
0.0887319272
0.0887240493
0.0885794699
0.0887304066
0.0885992519
0.0884739534
0.0884669483
0.0882935493
0.0883969813
0.0882160641
0.0881520991
0.0881136418
0.0879522409
0.0879267863
0.0878147014
0.0877724981
0.0877467034
0.0877148667
0.0877024411
0.0876543721
0.0876365606
0.0876816021
0.0875948085
0.0875336546
0.0875417505
0.0874090588
0.0873787887
0.0873054674
0.0872407555
0.087333292
0.0871614939
0.0871496464
0.0870901809
0.087133983
0.0870356217
0.0870314069
0.0869865911
0.0870653356
0.0869612114
0.0869688478
0.0869241506
0.0870601149
0.0868942892
0.0869091057
0.0868431968
0.0870051211
0.0868218037
0.0868378566
0.0867726427
0.0868593016
0.0867376489
0.0867222575
0.0867243497
0.0866996207
0.0866801173
0.086675591
0.0866048139
0.0865840027
0.0865479397
0.086692051
0.0865854729
0.0866174383
0.0865664751
0.086672996
0.0865393942
0.0865594662
0.0865129835
0.0866384351
0.0865194353
0.0864928497
0.0864504653
0.0863697679
0.0863437877
0.0863599504
0.0863374804
0.0863287173
0.0862876076
0.0862898399
0.0862604901
0.0862357567
0.0863482949
0.0862519597
0.0862703399
0.0862473956
0.0862891241
0.0862052837
0.086178104
0.0861352896
0.0861388555
0.0861170047
0.0860956089
0.0860514693
0.0860499185
0.0860096546
0.085986283
0.0859362467
0.0859929887
0.0859560403
0.0859639879
0.0858688467
0.0859335505
0.0857963869
0.0857779081
0.085732114
0.0856724754
0.0857741795
0.0856023387
0.0855933566
0.0855152573
0.085688739
0.0854410816
0.0854676886
0.0854018601
0.0854893741
0.0853089385
0.0852737655
0.085188541
0.0852338107
0.0850619067
0.0850195483
0.0849179549
0.0850517137
0.0848247017
0.0848171958
0.0847436205
0.0848416885
0.0846631841
0.0846419382
0.0846461257
0.0845701284
0.0845230084
0.0844858763
0.0844003703
0.0843289796
0.0843561018
0.0842907241
0.0842644842
0.0841418892
0.0843383134
0.0840484393
0.0841231762
0.0840741491
0.0838742888
0.0842194947
0.0838183302
0.0838650958
0.0838749853
0.0836424313
0.083705344
0.0835111132
0.0834329811
0.0834110374
0.0833179521
0.0833643829
0.0832039184
0.0831944861
0.0831231618
0.0833470663
0.0830943937
0.083241799
0.0831615081
0.0828535616
0.0830958676
0.0827514681
0.0826481645
0.0826387071
0.0824748642
0.0823970616
0.0824520119
0.082270171
0.0823088526
0.082221855
0.0820914313
0.0822346608
0.0819691723
0.08195614
0.0818769304
0.0820501716
0.081772444
0.0818876134
0.0817975206
0.0814474628
0.0816921335
0.0813553634
0.0811663886
0.0812063411
0.0810381989
0.0809271772
0.0809364278
0.0808362167
0.080723611
0.0807247386
0.0806604562
0.0806992373
0.0805676518
0.0804949854
0.0803037758
0.0805492873
0.0801309286
0.0801024662
0.0800232201
0.0798133402
0.0798170171
0.0797326622
0.079598447
0.0795997499
0.0794897476
0.0795920111
0.0793696352
0.079313298
0.0793882622
0.0791707697
0.0790702111
0.0791073052
0.0788848725
0.0788171546
0.0787102481
0.0786860617
0.0786371814
0.0786023892
0.0783915877
0.0784549127
0.0783172432
0.0782457792
0.0782068816
0.0781120296
0.0780144862
0.077961663
0.077886071
0.0777583548
0.0778182192
0.0776447766
0.0775762228
0.0774375997
0.0774438795
0.0774061722
0.0773961542
0.0771756831
0.0773804993
0.0770611161
0.0770309634
0.0769904765
0.076803297
0.0769887733
0.0766904403
0.0766697996
0.0765477458
0.0766476561
0.0764185006
0.0763606065
0.0762564533
0.0761929286
0.0761756693
0.0760996838
0.0760140373
0.0759409718
0.0758732059
0.075777289
0.0757798008
0.0756750046
0.0756250502
0.0754959307
0.0755532437
0.0753655384
0.0753743728
0.075298182
0.0753200319
0.0751858729
0.0751386733
0.0750456326
0.0749556822
0.0748588252
0.0748151993
0.074723259
0.0747187674
0.0746748663
0.0746206555
0.0745647389
0.074432447
0.0745692934
0.0742674012
0.0742498992
0.0741359679
0.0741120949
0.0740448967
0.0740604809
0.0740135548
0.0740820463
0.0739467343
0.0738634934
0.0737654002
0.073681626
0.0737136091
0.0735705694
0.0735207415
0.0734672595
0.0734126603
0.0734367911
0.0733596564
0.0733661177
0.0732679339
0.0733899365
0.0731391422
0.073091784
0.0729781206
0.0729928882
0.0728870166
0.0728415927
0.072721168
0.0726964826
0.0726371417
0.072586706
0.0726029673
0.0725407059
0.0724836316
0.072436647
0.072315249
0.0723951218
0.0721753368
0.0722301292
0.072169708
0.0720362285
0.0720737311
0.0719712461
0.0719842519
0.0719677502
0.0720120177
0.071930938
0.0718021738
0.0717008451
0.071614403
0.0715351698
0.0714976087
0.0714443476
0.0713712288
0.0714970625
0.0713834874
0.071399327
0.0712621406
0.0714900989
0.0712998665
0.071136487
0.0710958058
0.0709166464
0.0710424117
0.0708168652
0.0707444542
0.0707163384
0.0706462854
0.0706611584
0.0706220458
0.0706115271
0.0706094969
0.0705823824
0.0705347821
0.0705061647
0.07034084
0.0705710524
0.0703068785
0.0703031241
0.0702899655
0.0701742889
0.0703912939
0.0701919799
0.0702068742
0.0702814712
0.070235423
0.0700487166
0.0699872328
0.0699732666
0.0699592321
0.0699063312
0.0698793202
0.069942087
0.0698908045
0.0698674117
0.0698091254
0.0697468438
0.0696961611
0.0696788121
0.0696338683
0.0696087495
0.0695840586
0.0697661071
0.0696401154
0.0696573623
0.0696371251
0.0695833354
0.0694435755
0.0693639168
0.0693374889
0.0692771572
0.0691815881
0.0691220311
0.0690471604
0.0690028041
0.0689254847
0.0689202172
0.0688797191
0.0688311415
0.068729166
0.0687049449
0.0685192571
0.0684200838
0.0683219237
0.0682612019
0.0681436403
0.0680755544
0.0679879808
0.0680747023
0.0678753203
0.0678342421
0.0677586007
0.067676352
0.0675298932
0.0674625087
0.0673850944
0.0673254928
0.0672608574
0.06729728
0.0672284846
0.067208183
0.0670823774
0.0671553946
0.0669697047
0.0669285647
0.0668386821
0.0668576719
0.0667409554
0.0667270585
0.0666504494
0.0666603799
0.066548663
0.0665105599
0.0664711389
0.0664167739
0.0664112154
0.0663679493
0.0662409792
0.0663762928
0.0661459072
0.0661491284
0.0660773559
0.0659936474
0.0661699126
0.0659334006
0.0659647056
0.0658644187
0.0658449653
0.0657354706
0.0656893413
0.0656450824
0.0655557216
0.0655841558
0.0654652435
0.0654530797
0.0653668762
0.0653552923
0.0652839491
0.0652743915
0.0651766433
0.0651765141
0.0650736498
0.0650533551
0.0649490517
0.0649458381
0.0648406796
0.0648095245
0.0647594835
0.0647940213
0.0646423516
0.0645744485
0.0645587269
0.0644219739
0.0643395318
0.064298578
0.0642175778
0.0641699784
0.0641098134
0.0641245152
0.0641483086
0.0641125086
0.0641183653
0.0640079266
0.0640172552
0.0639540843
0.0638715216
0.0639591993
0.0638346603
0.0638175552
0.0638077989
0.0637647121
0.063844204
0.0637134094
0.0637480366
0.0636484085
0.0636604421
0.0635563115
0.0634946205
0.0634291558
0.0633667345
0.0633157751
0.0632254694
0.0631566398
0.0631355472
0.0630372103
0.0629444702
0.062909766
0.0628300596
0.0627727043
0.0626619682
0.0626958816
0.0625641766
0.062534767
0.0624881685
0.0626023484
0.0625103204
0.0625044635
0.0625320575
0.0624211653
0.0624335391
0.0623758316
0.0623250735
0.0624323772
0.0623307906
0.0622344682
0.062226543
0.0621781758
0.0621662443
0.0621791401
0.0621511125
0.0620601241
0.0620752701
0.061991703
0.0620948457
0.0619578358
0.061881646
0.0618345291
0.0617054802
0.0617733573
0.0616604361
0.0615191186
0.0614830094
0.0614031547
0.0613310285
0.0613592614
0.0612589859
0.0612557124
0.0611312092
0.0613082219
0.0610471119
0.0610993086
0.0610450543
0.0609300273
0.0611204321
0.0608916244
0.0608244668
0.0608076952
0.0607181342
0.0606818092
0.0607086822
0.0605957502
0.0605412889
0.0605196694
0.0605300738
0.0604792567
0.0604117542
0.0603231862
0.0603437983
0.060231093
0.060198972
0.0601418883
0.0601166657
0.0600642393
0.0599863936
0.0599481486
0.0599121425
0.0598841013
0.0598574691
0.059797282
0.0597432898
0.0597091705
0.0596678156
0.0596405863
0.0596319559
0.0595508063
0.0595214383
0.0594731189
0.0594713849
0.0594657047
0.0594567515
0.0594011041
0.0594019986
0.0593367756
0.0593050347
0.0593030882
0.0593033369
0.0592333706
0.0591976366
0.0591559172
0.0591623046
0.0591101376
0.0590854556
0.0590612521
0.0590193282
0.0589989103
0.0589058395
0.0588629774
0.0588663126
0.0587899087
0.0587438863
0.0586974037
0.058643748
0.0586040707
0.0585791181
0.0585571456
0.0584865001
0.0586165986
0.0583937334
0.0583679521
0.058315609
0.0582707164
0.0582538436
0.0582152992
0.0582072318
0.0581529496
0.0581002316
0.0581450169
0.058057173
0.0580394189
0.0580070433
0.0580339941
0.0579810223
0.0579105958
0.057881878
0.0578584789
0.0578968695
0.0577963897
0.0577756796
0.0577147274
0.057719727
0.0576559623
0.057621219
0.0575559839
0.0575810381
0.0574978497
0.0574346698
0.0573897993
0.0573228698
0.0572876156
0.0572143013
0.0571593688
0.0571320438
0.0570448292
0.0569803289
0.0569873154
0.0568801301
0.0568390721
0.056759471
0.0567574393
0.0566599836
0.0566139636
0.0565546407
0.0565130988
0.0564424454
0.05639879
0.0563652329
0.0563112364
0.0562589008
0.0562152301
0.0561792927
0.0561171957
0.0560550325
0.056047296
0.0559764922
0.0559410784
0.0558557851
0.0558483255
0.0557998596
0.0557961921
0.0557149589
0.0557191291
0.0556958936
0.0556006963
0.0555379142
0.0554824573
0.0554562033
0.0553879045
0.0553158032
0.0553571862
0.0552047129
0.0551590152
0.0550866939
0.0550291746
0.0549632144
0.0548658315
0.0547728734
0.0546886665
0.0546097178
0.0545396491
0.0544698005
0.0543992498
0.0543178611
0.0542529022
0.0542037796
0.0541474696
0.0540622405
0.05408832
0.0539817774
0.053971313
0.0539019622
0.0538461477
0.0538449765
0.0537344188
0.0536633844
0.0536110839
0.0535384625
0.0535425694
0.0534224191
0.0534029698
0.0533226066
0.0532814128
0.0532022776
0.0531461028
0.053088479
0.0530399056
0.0529628517
0.05289708
0.0528186255
0.0527793894
0.0527278825
0.0526832975
0.0525684158
0.0526407366
0.0524410406
0.0524294486
0.0523801159
0.0522846849
0.0522923688
0.0521787243
0.052174425
0.0521269527
0.0520292196
0.0520514302
0.0519385952
0.0519247893
0.0518647855
0.0518130924
0.0517883225
0.0517125783
0.0517062826
0.0516333139
0.0515976486
0.0515821957
0.0515216688
0.0514356514
0.051454376
0.0513605269
0.0512937699
0.0513836358
0.0512049438
0.0511609973
0.0511355606
0.0510486568
0.0509989872
0.0509834381
0.050863664
0.0508159412
0.05076344
0.050655391
0.0505954526
0.0505288982
0.0504280984
0.0503883323
0.0503011307
0.0501888656
0.0501444718
0.0500929021
0.0500587053
0.0499592051
0.049875548
0.0498721842
0.0497506226
0.0497475584
0.0496893071
0.0495819516
0.0495406406
0.0494994871
0.0493850375
0.0493780365
0.0493251475
0.0492141485
0.0492765877
0.0491523877
0.0491346434
0.0491457205
0.0490469005
0.0490079079
0.0490327899
0.0489357509
0.0488521677
0.0488230024
0.0487532606
0.0486817131
0.0486362382
0.0485747438
0.0484798312
0.0484448411
0.0483567815
0.0483181291
0.0482408221
0.0481876523
0.0481488375
0.0480622711
0.0480316529
0.0479696712
0.0478824726
0.0478376024
0.0477580203
0.0476898081
0.0476501233
0.047555347
0.0475147474
0.0474364866
0.0473945846
0.047316325
0.0472636295
0.0472002279
0.0471549788
0.0471159251
0.0470729987
0.0470152891
0.0470184692
0.0469245352
0.0468859637
0.0468411625
0.0467740323
0.0467338912
0.0466743382
0.0466233019
0.0465656624
0.0465228203
0.0464636102
0.0464017789
0.0464432686
0.0463244542
0.0462988025
0.0462337219
0.0462271936
0.046168344
0.0461537445
0.0460943912
0.0460659671
0.0460346483
0.0459695048
0.0458868957
0.0458368834
0.0457699277
0.045721823
0.0456527544
0.0456248621
0.0455630083
0.0455730001
0.0454828806
0.0454621101
0.0454202674
0.0453802258
0.0453425974
0.0452808046
0.0452413446
0.0451854808
0.0451242093
0.0451084165
0.0450183139
0.0449830684
0.0449214457
0.0448814145
0.0448108624
0.0447839112
0.0447373861
0.0446878334
0.0446608501
0.0445936221
0.044550502
0.0444821908
0.0444534371
0.0443935761
0.0443644701
0.0443122976
0.0442682149
0.0442209812
0.0441749296
0.0441280575
0.0440713365
0.0440207708
0.0439612367
0.0439083927
0.0438856848
0.0438521598
0.0438267562
0.0437701923
0.0437540171
0.0437130513
0.043625177
0.0435959368
0.0435403249
0.0434880593
0.0434868355
0.0433988358
0.043376193
0.0433261041
0.0432793401
0.0432435895
0.0431859613
0.0431478943
0.0430950203
0.043060377
0.043051914
0.0430440296
0.0429834011
0.0429419485
0.0429356758
0.04285329
0.042813314
0.0427781249
0.0427058796
0.0426703078
0.0426180273
0.0425725312
0.042540788
0.0424775746
0.0424323303
0.0423794421
0.0423248876
0.0422683184
0.0422061077
0.0421650974
0.0421292313
0.0420860333
0.0420138801
0.0420129887
0.0419201125
0.0418955971
0.041841807
0.0417959603
0.0417579906
0.0417021346
0.0416763261
0.0416214566
0.0415635438
0.0415408787
0.0414816297
0.0414583849
0.0414019798
0.0413892978
0.0413252902
0.0413061243
0.0412669667
0.0412351369
0.0411925987
0.0411486031
0.0411010228
0.0410487282
0.0410053296
0.0409974013
0.0409719375
0.0408979517
0.040895595
0.0408252487
0.040808874
0.0407679986
0.0407237572
0.0406864411
0.0406347761
0.040589977
0.0405383443
0.0405095676
0.040446811
0.040398791
0.0403947357
0.0403526046
0.0403494424
0.0403099941
0.0402708012
0.0402537406
0.0401995893
0.040182884
0.0401464227
0.04010085
0.0400610343
0.040017795
0.0399733076
0.0399247972
0.0399010359
0.0398579574
0.0398426915
0.0398120206
0.0397799512
0.0397475797
0.0397281471
0.0397088671
0.0396802646
0.0396627064
0.0396240565
0.0395808187
0.039549803
0.0395140306
0.0394949349
0.0394460703
0.0394226057
0.0393778138
0.0393473816
0.0392966921
0.0393044496
0.0392422997
0.0392246589
0.0391786948
0.03916196
0.0391170041
0.039097233
0.0390482031
0.0390450381
0.0389877008
0.0389792766
0.0389508035
0.0388895356
0.03892295
0.0388298417
0.0388328296
0.038803409
0.0387576976
0.0387390728
0.0386891483
0.0386702128
0.0386308356
0.0385810004
0.0385399777
0.0385006268
0.0384727189
0.0384702213
0.038449292
0.0383976039
0.0383983211
0.0383406519
0.0383354448
0.0383115025
0.038258019
0.0382541731
0.0382011899
0.0381985925
0.0381665473
0.0381187517
0.0380994707
0.0380485401
0.0380320683
0.0379933761
0.0379419678
0.0379292368
0.0378993037
0.0378640003
0.0378451557
0.0378324137
0.0378248977
0.037782376
0.0377354387
0.0377285165
0.037668032
0.0376477057
0.0376150671
0.0375628235
0.0375380598
0.0374885676
0.0374618843
0.0374159545
0.0373918991
0.0373669735
0.0373556427
0.0373134979
0.0372839001
0.0372888914
0.0372215391
0.0372060083
0.0371818391
0.0371349333
0.0371147907
0.037104194
0.0370727474
0.0370871202
0.0370431058
0.0369750583
0.0370584673
0.0369494869
0.0369408584
0.036949834
0.036915058
0.0368599223
0.036882829
0.036848251
0.0367837164
0.0367756517
0.0367472273
0.0366969829
0.0366605017
0.0366553083
0.036592897
0.0365884096
0.0365558049
0.0364979678
0.0364540775
0.0364515162
0.036399303
0.0364009141
0.0363708347
0.0363149816
0.0362694952
0.0362814759
0.0361962896
0.0361717592
0.0361537486
0.0361156735
0.0360572312
0.0360258911
0.0359917959
0.0359613699
0.0359491083
0.0359126541
0.035864322
0.0358398084
0.0357969052
0.0357684151
0.035736025
0.0356962518
0.035670769
0.0356513839
0.0356429246
0.0356054636
0.0355597046
0.0355644682
0.0355120895
0.0355041173
0.0354862028
0.0354562266
0.0354283333
0.0354098819
0.0353723671
0.0353342746
0.0353027314
0.0352632112
0.0352285842
0.035200028
0.0351733003
0.0351354809
0.0351524639
0.0350892376
0.0350768591
0.0350462627
0.0350167293
0.0350220846
0.0349654234
0.0349541865
0.0349286912
0.0348918207
0.0348618984
0.0348356358
0.0347895495
0.0347516256
0.0347164042
0.0346696092
0.0346697251
0.0346055029
0.0345921196
0.0345569738
0.0345164855
0.034525275
0.034474184
0.0344713318
0.0344479253
0.0344083759
0.0343784108
0.0343692355
0.0343107262
0.0342816836
0.0342544342
0.0342207667
0.0341812832
0.0341600049
0.0341278606
0.0341059759
0.0340809376
0.0340370581
0.0340326357
0.0339809456
0.0339646067
0.0339418395
0.0339146931
