
0.917404491
0.911027069
0.904780674
0.898523962
0.892300294
0.886096608
0.879999321
0.874052289
0.868202948
0.862382979
0.856627618
0.8510363
0.845632957
0.840279018
0.83503201
0.82994118
0.824936515
0.820002368
0.815154407
0.810382123
0.805689707
0.801076294
0.7965554
0.792141227
0.787840764
0.7835647
0.779346353
0.775236444
0.771226306
0.767272279
0.763393888
0.759583253
0.755847725
0.752123568
0.7484169
0.744743638
0.741128262
0.737550296
0.733999348
0.730508306
0.727053631
0.723635304
0.720264991
0.716945485
0.713674421
0.710446966
0.707268429
0.704139521
0.701038559
0.697953873
0.694899846
0.691871209
0.688859223
0.685873579
0.682917316
0.679990156
0.677091835
0.674222932
0.671392824
0.668609246
0.665851892
0.663113646
0.66040576
0.657731719
0.655086173
0.65245474
0.649847533
0.647266891
0.644713382
0.642174404
0.639658538
0.637169149
0.634694002
0.632241802
0.629815864
0.627415149
0.625039617
0.622689242
0.620364005
0.618069265
0.615814117
0.613587469
0.611385968
0.609209629
0.607058471
0.604927811
0.602814732
0.600726744
0.598663894
0.596626226
0.594613784
0.592626612
0.590665704
0.588734328
0.586837314
0.584965689
0.583111722
0.581262509
0.579441294
0.577641767
0.575853335
0.574115643
0.572417547
0.570746047
0.569097255
0.56748464
0.565892321
0.564334558
0.56280857
0.561310948
0.559836721
0.558389185
0.556972066
0.555596616
0.554263153
0.552953271
0.551687374
0.550416643
0.54914718
0.547889241
0.546662335
0.545456045
0.544274305
0.54311539
0.541970653
0.540850924
0.539761948
0.538700966
0.537683002
0.536694724
0.535741241
0.534807203
0.533892314
0.532996294
0.532118876
0.531262314
0.530426845
0.529607699
0.528800755
0.528011
0.52723824
0.526478964
0.525741646
0.525033383
0.524324288
0.523627602
0.522946004
0.52227934
0.521628641
0.520993832
0.520373432
0.51976982
0.519189616
0.518623458
0.518071669
0.517535929
0.51701355
0.516504754
0.516011368
0.515531873
0.515066145
0.514612745
0.514171457
0.513749433
0.513340004
0.512955192
0.512581909
0.512219614
0.511868029
0.511526886
0.511193882
0.51086912
0.510553931
0.510248094
0.509951393
0.509663614
0.50938455
0.509113995
0.508855784
0.508606489
0.508365033
0.508131209
0.507905635
0.507693761
0.507489895
0.507292796
0.507102258
0.506918077
0.506740059
0.506568012
0.506401752
0.506241099
0.506085877
0.505935915
0.505791045
0.505651106
0.505515939
0.505385388
0.505258939
0.505134413
0.505014026
0.504896245
0.504773786
0.504655108
0.504540123
0.504428742
0.504320873
0.504216422
0.504116514
0.504021428
0.503929443
0.503840459
0.503754374
0.503671089
0.503590508
0.503512535
0.503437078
0.503364045
0.503293348
0.5032249
0.503159141
0.503095754
0.503034376
0.502974925
0.502917322
0.502861492
0.50280736
0.502754855
0.502703914
0.50265487
0.502607243
0.50256097
0.502515992
0.50247225
0.50242969
0.502388256
0.502347898
0.502308566
0.502270211
0.502232788
0.502196251
0.50216056
0.502125672
0.502091548
0.502058151
0.502025445
0.501993395
0.501961968
0.501931133
0.501900858
0.501871116
0.501841877
0.501813117
0.501784809
0.50175693
0.501729456
0.501702365
0.501675638
0.501649252
0.501623191
0.501597435
0.501571969
0.501546774
0.501521836
0.501497141
0.501472674
0.501448422
0.501424373
0.501400514
0.501376835
0.501353325
0.501329974
0.501306649
0.501282956
0.501259403
0.501235982
0.501212686
0.501189507
0.501166438
0.501143473
0.501120606
0.501097831
0.501075142
0.501052536
0.501030006
0.501007549
0.500985161
0.500962837
0.500940574
0.500918369
0.500896218
0.500874119
0.500852068
0.500830063
0.500808101
0.500786182
0.500764301
0.500742458
0.50072065
0.500698876
0.500677134
0.500655423
0.500633742
0.500612089
0.500590463
0.500568864
0.500547289
0.500525739
0.500504212
0.500482708
0.500461226
0.500439765
0.500418325
0.500396906
0.500375507
0.500354127
0.500332766
0.500311424
0.5002901
0.500268795
0.500247507
0.500226238
0.500204985
0.500183751
0.500162533
0.500141333
0.50012015
0.500098984
0.500077834
0.500056702
0.500035586
0.500014488
0.499993406
0.49997234
0.499951292
0.49993026
0.499909246
0.499888248
0.499867267
0.499846302
0.499825355
0.499804425
0.499783511
0.499762615
0.499741736
0.499720874
0.499700029
0.499679202
0.499658392
0.499637599
0.499616824
0.499596066
0.499575326
0.499554603
0.499533898
0.499513211
0.499492541
0.499471889
0.499451255
0.499430639
0.499410041
0.499389461
0.499368899
0.499348355
0.499327829
0.499307321
0.499286832
0.49926636
0.499245907
0.499225472
0.499205056
0.499184657
0.499164278
0.499143916
0.499123573
0.499103248
0.499082599
0.499061906
0.499041234
0.499020584
0.49900084
0.498981775
0.498962846
0.498944041
0.498925351
0.498906767
0.498888281
0.498869886
0.498851747
0.498833804
0.4988159
0.498798033
0.498780202
0.498762405
0.498744641
0.498726909
0.498709207
0.498691535
0.498673891
0.498656276
0.498638687
0.498621125
0.498603589
0.498586079
0.498568593
0.498551132
0.498533695
0.498516282
0.498498893
0.498481527
0.498464183
0.498446863
0.498429565
0.498412289
0.498395036
0.498377804
0.498360594
0.498343406
0.49832624
0.498309095
0.498291971
0.498274869
0.498257788
0.498240728
0.498223689
0.49820667
0.498189673
0.498172696
0.49815574
0.498138805
0.49812189
0.498104996
0.498088122
0.498071269
0.498054436
0.498037623
0.498020831
0.498004058
0.497987306
0.497970574
0.497953862
0.49793717
0.497920497
0.497903845
0.497887212
0.4978706
0.497854007
0.497837433
0.497820879
0.497804345
0.49778783
0.497771335
0.497754859
0.497738403
0.497721966
0.497705548
0.497689149
0.49767277
0.497656409
0.497640068
0.497623746
0.497607442
0.497591158
0.497574892
0.497558646
0.497542418
0.497526209
0.497510018
0.497493846
0.497477693
0.497461558
0.497445441
0.497429343
0.497413263
0.497397202
0.497381159
0.497365134
0.497349399
0.497334019
0.497318664
0.497303335
0.497288032
0.497272753
0.497257497
0.497242265
0.497227056
0.497211869
0.497196705
0.497181561
0.49716644
0.497151339
0.497136258
0.497121199
0.497106159
0.497091139
0.497076139
0.497061159
0.497046198
0.497031256
0.497016333
0.497001429
0.496986544
0.496971677
0.496956829
0.496941999
0.496927188
0.496912394
0.496897619
0.496882862
0.496868122
0.4968534
0.496838696
0.49682401
0.496809341
0.49679469
0.496780056
0.49676544
0.496750841
0.496736259
0.496721695
0.496707147
0.496692617
0.496678104
0.496663608
0.496649128
0.496634666
0.496620221
0.496605792
0.49659138
0.496576985
0.496562607
0.496548245
0.496533899
0.496519571
0.496505259
0.496490963
0.496476684
0.496462421
0.496448174
0.496433944
0.49641973
0.496405532
0.496391351
0.496377185
0.496363036
0.496348903
0.496334786
0.496320684
0.496306599
0.49629253
0.496278476
0.496264438
0.496250416
0.49623641
0.496222419
0.496208444
0.496194484
0.496180541
0.496166612
0.496152699
0.496138802
0.49612492
0.496111053
0.496097201
0.496083365
0.496069544
0.496055738
0.496041947
0.496028172
0.496014411
0.496000665
0.495986934
0.495973218
0.495959517
0.495945831
0.49593216
0.495918503
0.495904861
0.495891233
0.495877621
0.495864022
0.495850438
0.495836869
0.495823314
0.495809774
0.495796247
0.495782735
0.495769238
0.495755754
0.495742285
0.495728829
0.495715388
0.495701961
0.495688547
0.495675148
0.495661762
0.495648391
0.495635033
0.495621689
0.495608358
0.495595041
0.495581738
0.495568449
0.495555172
0.49554191
0.495528661
0.495515425
0.495502202
0.495488993
0.495475797
0.495462615
0.495449445
0.495436289
0.495423146
0.495410015
0.495396898
0.495383794
0.495370703
0.495357624
0.495344558
0.495331506
0.495318465
0.495305438
0.495292423
0.495279421
0.495266432
0.495253455
0.49524049
0.495227538
0.495214598
0.495201671
0.495188756
0.495175854
0.495162963
0.495150085
0.495137219
0.495124365
0.495111523
0.495098693
0.495085875
0.495073069
0.495060275
0.495047493
0.495034723
0.495021964
0.495009218
0.494996482
0.494983759
0.494971047
0.494958347
0.494945659
0.494932981
0.494920316
0.494907662
0.494895019
0.494882387
0.494869767
0.494857158
0.49484456
0.494831974
0.494819399
0.494806834
0.494794281
0.494781739
0.494769208
0.494756688
0.494744179
0.49473168
0.494719193
0.494706716
0.49469425
0.494681795
0.49466935
0.494656916
0.494644493
0.49463208
0.494619678
0.494607286
0.494594905
0.494582534
0.494570174
0.494557823
0.494545484
0.494533404
0.49452141
0.494509388
0.494497343
0.494485277
0.494473194
0.494461096
0.494448986
0.494436866
0.494424738
0.494412604
0.494400465
0.494388324
0.494376181
0.494364037
0.494351894
0.494339753
0.494327614
0.494315479
0.494303347
0.49429122
0.494279099
0.494266983
0.494254873
0.494242769
0.494230672
0.494218583
0.4942065
0.494194425
0.494182358
0.494170299
0.494158248
0.494146205
0.494134171
0.494122144
0.494110127
0.494098117
0.494086117
0.494074125
0.494062141
0.494050166
0.4940382
0.494026243
0.494014294
0.494002354
0.493990422
0.493978499
0.493966584
0.493954678
0.493942781
0.493930892
0.493919012
0.493907139
0.493895276
0.49388342
0.493871573
0.493859735
0.493847904
0.493836082
0.493824268
0.493812462
0.493800664
0.493788874
0.493777093
0.493765319
0.493753553
0.493741795
0.493730045
0.493718303
0.493706569
0.493694842
0.493683123
0.493671412
0.493659709
0.493648013
0.493636324
0.493624644
0.493612971
0.493601305
0.493589647
0.493577996
0.493566353
0.493554717
0.493543089
0.493531468
0.493519854
0.493508248
0.493496648
0.493485056
0.493473472
0.493461894
0.493450324
0.49343876
0.493427204
0.493415887
0.493404739
0.493393655
0.493382629
0.493371656
0.49336073
0.493349848
0.493339006
0.493328201
0.493317429
0.493306687
0.493295974
0.493285286
0.493274622
0.493263979
0.493253357
0.493242753
0.493232166
0.493221594
0.493211038
0.493200523
0.49319002
0.493179528
0.493169046
0.493158574
0.493148111
0.493137657
0.49312721
0.493116772
0.49310634
0.493095916
0.493085498
0.493075086
0.49306468
0.493054279
0.493043884
0.493033494
0.493023109
0.493012729
0.493002354
0.492991983
0.492981616
0.492971254
0.492960896
0.492950541
0.492940191
0.492929574
0.49291872
0.492907869
0.492897022
0.492886178
0.492875337
0.492864499
0.492853663
0.492842831
0.492832001
0.492821174
0.492810349
0.492799526
0.492788705
0.492777887
0.49276707
0.492756254
0.492745441
0.492734628
0.492723817
0.492713007
0.492702198
0.492691232
0.492680166
0.492669101
0.492658036
0.49264697
0.492635905
0.492624839
0.492613773
0.492602706
0.492591638
0.492580569
0.492569499
0.492558428
0.492547356
0.492536281
0.492525205
0.492514127
0.492503047
0.492491964
0.492480879
0.492469791
0.492458701
0.492447607
0.492436509
0.492425409
0.492414304
0.492403196
0.492392083
0.492380967
0.492369845
0.49235872
0.492347589
0.492336453
0.492325312
0.492314165
0.492303013
0.492291854
0.49228069
0.492269519
0.492258341
0.492247157
0.492235966
0.492224767
0.492213561
0.492202348
0.492191182
0.492180154
0.492169091
0.492157994
0.492146867
0.492135711
0.49212453
0.492113325
0.492102098
0.492090851
0.492079585
0.4920683
0.492057
0.492045683
0.492034353
0.492023008
0.49201165
0.49200028
0.491988897
0.491977504
0.491966099
0.491954683
0.491943257
0.49193182
0.491920374
0.491908917
0.491897451
0.491885974
0.491874488
0.491862993
0.491851487
0.491839972
0.491828447
0.491816912
0.491805367
0.491793812
0.491782247
0.491770672
0.491759086
0.491747489
0.491735882
0.491724264
0.491712634
0.491700994
0.491689342
0.491677678
0.491666003
0.491654315
0.491642615
0.491630994
0.491619361
0.491607718
0.491596063
0.491584397
0.491572719
0.491561029
0.491549327
0.491537614
0.491525888
0.49151415
0.491502399
0.491490635
0.491478859
0.49146707
0.491455267
0.491443451
0.491431622
0.491419778
0.491407921
0.49139605
0.491384165
0.491372265
0.491360351
0.491348422
0.491336478
0.491324519
0.491312544
0.491300554
0.491288548
0.491276527
0.491264489
0.491252435
0.491240365
0.491228278
0.491216175
0.491204054
0.491191916
0.491179761
0.491167588
0.491155397
0.491143188
0.491130962
0.491118717
0.491106453
0.491094171
0.491081869
0.491069549
0.491057209
0.49104485
0.49103247
0.491020071
0.491007652
0.490995213
0.490982753
0.490970272
0.49095777
0.490945247
0.490932702
0.490920137
0.490907549
0.490894939
0.490882307
0.490869653
0.490856976
0.490844276
0.490831553
0.490818806
0.490806037
0.490793243
0.490780426
0.490767584
0.490754718
0.490741828
0.490728913
0.490715972
0.490703007
0.490690016
0.490676999
0.490663956
0.490650887
0.490637792
0.49062467
0.490611522
0.490598293
0.490584974
0.490571619
0.490558229
0.490544806
0.490531348
0.490517857
0.490504334
0.490490778
0.49047719
0.49046357
0.490449919
0.490436236
0.490422522
0.490408778
0.490395002
0.490381195
0.490367358
0.49035349
0.490339591
0.490325661
0.4903117
0.490297709
0.490283686
0.490269633
0.490255548
0.490241432
0.490227284
0.490213105
0.490198894
0.490184652
0.490170377
0.490156071
0.490141732
0.49012736
0.490112956
0.490098519
0.490084049
0.490066905
0.490048218
0.49002949
0.490010923
0.489992693
0.489974429
0.48995613
0.489937796
0.489919405
0.489900832
0.48988219
0.489863483
0.489844713
0.489825883
0.489806995
0.48978805
0.489769051
0.489749999
0.489730896
0.489711744
0.489692542
0.489673293
0.489653997
0.489634656
0.489615269
0.489595839
0.489576364
0.489556847
0.489537287
0.489517684
0.48949804
0.489478355
0.489458628
0.48943886
0.489419051
0.489399202
0.489379311
0.489359381
0.48933941
0.489319399
0.489299347
0.489279255
0.489259827
0.489241706
0.489224082
0.489206906
0.489190132
0.489173721
0.489157633
0.489141836
0.489126298
0.489110989
0.489095882
0.489080952
0.489066326
0.489051676
0.489036318
0.489020304
0.489003686
0.48898651
0.488968823
0.488950664
0.488932163
0.488914995
0.488898621
0.488882678
0.488867122
0.48885191
0.48883744
0.488822399
0.488806796
0.488790679
0.488774089
0.488757218
0.488741054
0.488725257
0.488709789
0.488694614
0.488680037
0.488664843
0.488648956
0.488632397
0.488615347
0.488599157
0.488583331
0.488567752
0.488552646
0.488536932
0.488520607
0.488503747
0.488487448
0.488471423
0.488455862
0.488439669
0.488422884
0.488405801
0.488389136
0.488372767
0.488356661
0.488341013
0.488324806
0.488307976
0.48829058
0.488273049
0.48825591
0.488239095
0.48822257
0.488206303
0.488190589
0.488174284
0.488157327
0.488139779
0.488121696
0.488103579
0.488085897
0.48806857
0.488051563
0.48803484
0.488018392
0.488001637
0.487984237
0.487966252
0.487948059
0.487930278
0.487912842
0.487895715
0.487879064
0.487861894
0.487844086
0.4878257
0.487807046
0.487788912
0.48777114
0.487753693
0.48773677
0.48771929
0.48770117
0.487682469
0.487663455
0.487645014
0.487626948
0.487609218
0.487592113
0.487574367
0.487555974
0.487536991
0.48751754
0.487498807
0.487480461
0.487462593
0.487444176
0.487425149
0.487405811
0.487386956
0.487368487
0.48735048
0.487331973
0.487312838
0.487293263
0.487274247
0.48725562
0.487237684
0.487219041
0.487199756
0.487179887
0.487159681
0.48714014
0.487121026
0.487102295
0.487084334
0.487065488
0.487045872
0.487025586
0.487004694
0.486983535
0.48696304
0.486942981
0.486923313
0.486904113
0.486884426
0.486864047
0.48684304
0.486821814
0.486802683
0.486784425
0.486767043
0.486749566
0.48673182
0.486713827
0.486695952
0.486678784
0.486662247
0.486646278
0.486631305
0.486615789
0.486599757
0.48658325
0.486566306
0.486548959
0.486532202
0.486516682
0.486501849
0.486488989
0.486475679
0.486461566
0.486446712
0.486431176
0.486415014
0.486398281
0.486381117
0.48636482
0.486348833
0.48633313
0.486317984
0.486302339
0.486287276
0.486272765
0.486257501
0.486241562
0.486226226
0.486211455
0.486195931
0.486179753
0.486164185
0.486149168
0.486133426
0.486117353
0.486102602
0.486088304
0.486073298
0.486057502
0.486041087
0.486025199
0.486009798
0.485993928
0.485978723
0.485962899
0.485946503
0.485929996
0.485914695
0.485899132
0.485882961
0.485866364
0.485850306
0.485834965
0.485819026
0.485802503
0.485785451
0.485767963
0.485751278
0.485735316
0.485718808
0.485701764
0.485684235
0.48566661
0.485649596
0.485633098
0.485617647
0.485602489
0.485586998
0.485571206
0.485555143
0.485538837
0.485522553
0.485507363
0.485492727
0.485477758
0.485462437
0.485446796
0.485430868
0.485414772
0.485399197
0.485383913
0.485368444
0.485352671
0.485336811
0.485321232
0.485306133
0.485290787
0.485275125
0.485259177
0.485242984
0.485227344
0.48521155
0.485196072
0.4851804
0.485164475
0.485148742
0.485132705
0.485116375
0.485100502
0.485084317
0.48506784
0.485051871
0.485035587
0.485019005
0.485002982
0.484986635
0.48496999
0.484953373
0.484937018
0.484921048
0.484904959
0.484888548
0.484871847
0.484854988
0.484838595
0.484822821
0.484806724
0.484790141
0.484771922
0.484752395
0.48473299
0.484713432
0.484692821
0.48467139
0.484650006
0.484628843
0.484606889
0.484584107
0.484560728
0.484537803
0.484515379
0.484492334
0.484468671
0.484444477
0.484421036
0.484397105
0.484373865
0.484349619
0.48430473
0.484258788
0.484215418
0.484174619
0.484132386
0.484088764
0.484043921
0.483998012
0.483951487
0.483907881
0.48386723
0.483826663
0.483785685
0.48374434
0.483702678
0.48366568
0.483629783
0.483594694
0.48356418
0.483538045
0.48351159
0.483484785
0.483457609
0.483430475
0.483406944
0.483386548
0.483368951
0.483350174
0.483329849
0.483308302
0.483289094
0.483272017
0.483257235
0.483239899
0.483220085
0.483197961
0.483174157
0.483152778
0.483133209
0.48310487
0.483069609
0.483028668
0.482977639
0.482917577
0.482852099
0.482783627
0.482713476
0.482641627
0.482569364
0.482496433
0.482423066
0.482349462
0.482275793
0.48220236
0.482125448
0.482045254
0.481966483
0.481891416
0.481825699
0.481761231
0.481698066
0.481633068
0.481566739
0.48150204
0.481438761
0.481377048
0.481313793
0.481249035
0.481183259
0.481119361
0.481057584
0.480998336
0.480938118
0.480876859
0.48081467
0.480752088
0.480691564
0.480632796
0.480575676
0.480517522
0.480458036
0.480397459
0.48033872
0.480281676
0.480223165
0.480163201
0.480102295
0.480041783
0.479979218
0.479916116
0.479849492
0.479779643
0.479747447
0.479717935
0.479700673
0.479684627
0.479668248
0.479651566
0.479634616
0.479617442
0.47960009
0.479582604
0.479565027
0.479547396
0.479529746
0.479512103
0.479494489
0.479476919
0.479459403
0.479441945
0.479424547
0.479407207
0.479389921
0.479372684
0.479357506
0.479349189
0.47934113
0.479333328
0.479325783
0.479318489
0.479311439
0.479304626
0.47929804
0.47929167
0.479285504
0.479279538
0.479274261
0.479269039
0.479263862
0.479258721
0.479253609
0.479248516
0.479243436
0.479238361
0.479233286
0.479228205
0.479223113
0.479218008
0.479212886
0.479207744
0.479202993
0.47917833
0.479138895
0.479099226
0.479059353
0.479019307
0.478979113
0.478938798
0.478898383
0.478857597
0.478816555
0.478776145
0.478736274
0.478696844
0.478657756
0.478618912
0.478580212
0.478541557
0.478503265
0.47846422
0.478422753
0.478379054
0.478333339
0.478285839
0.478236792
0.478187407
0.478139526
0.478092448
0.478046094
0.478000384
0.477959421
0.477921768
0.47788663
0.477852397
0.477817941
0.477783204
0.477748144
0.477712734
0.47767696
0.47764082
0.477604641
0.477570617
0.477537784
0.477506017
0.47747649
0.477448543
0.477426148
0.477403503
0.477380646
0.477358168
0.477336097
0.477314755
0.477294114
0.477273911
0.477254381
0.477234937
0.477214919
0.477194317
0.477173141
0.477151711
0.47713093
0.477110329
0.477089378
0.477067932
0.477046689
0.477025003
0.477003708
0.476981677
0.476958945
0.476936676
0.476913796
0.476891312
0.476867122
0.476841005
0.476814296
0.476787201
0.476758588
0.476728382
0.476696549
0.476664322
0.476631589
0.476599694
0.476566763
0.476532781
0.476496159
0.476457127
0.476416372
0.476375831
0.476334726
0.476293374
0.476250796
0.4762068
0.476167149
0.4761361
0.476106796
0.47607988
0.476054216
0.476029471
0.476005503
0.475982174
0.47595935
0.475936901
0.475914703
0.475892639
0.475870915
0.475850343
0.475830082
0.475810092
0.475789996
0.475769369
0.475748818
0.475728204
0.475706828
0.475685239
0.475663529
0.475640645
0.475617201
0.475593099
0.4755766
0.47556193
0.475546645
0.475530774
0.475514896
0.475498436
0.475481427
0.475463904
0.475445898
0.475427435
0.47540854
0.475389233
0.475369533
0.47534997
0.475332658
0.475312279
0.475287012
0.47526195
0.475238387
0.475214404
0.475190622
0.475167048
0.475143617
0.475120278
0.475096992
0.475074726
0.475052563
0.475030423
0.475000716
0.474930228
0.474858519
0.4747894
0.474721437
0.474655156
0.474594898
0.474537193
0.474483756
0.474418916
0.474349793
0.474284487
0.474222126
0.474162068
0.47410486
0.47404671
0.473987563
0.473927414
0.473866682
0.473808076
0.473755326
0.473692715
0.473620694
0.473555714
0.473503423
0.473453077
0.473402902
0.47335394
0.473305879
0.473262793
0.473211011
0.473151475
0.473095731
0.473041777
0.472989191
0.472938367
0.472887221
0.472835516
0.472783243
0.472731159
0.47268154
0.472628766
0.472576714
0.472526783
0.472470927
0.472415814
0.472359784
0.472303767
0.472248026
0.472192442
0.47213694
0.472084841
0.472022139
0.47196228
0.471902783
0.471843557
0.471784525
0.471726811
0.471663058
0.471600498
0.471538422
0.471476736
0.471415352
0.471354632
0.471300205
0.471256502
0.471212483
0.471169362
0.471123032
0.471077244
0.471030814
0.470973226
0.470914434
0.470854614
0.470793956
0.470732651
0.470670879
0.470608804
0.470546564
0.470484271
0.470422014
0.470359724
0.470297745
0.47022254
0.470072966
0.469922155
0.469770532
0.469618451
0.469466194
0.469313986
0.469190703
0.469069342
0.468948345
0.468827743
0.468707548
0.468587751
0.468468331
0.468349252
0.46823047
0.468111929
0.467993571
0.467875329
0.467757136
0.467641693
0.467527736
0.467413806
0.467299924
0.467191982
0.467079597
0.466955867
0.466830178
0.466702683
0.466573554
0.466442978
0.466311142
0.466178226
0.466039642
0.465898579
0.465755668
0.465600867
0.465423238
0.465234832
0.465039892
0.46490255
0.4647997
0.464684592
0.464539951
0.464383582
0.464225112
0.464065399
0.463905151
0.463670025
0.463414494
0.463125827
0.46282797
0.46251645
0.462191858
0.461862798
0.461531428
0.461183847
0.46079336
0.460497033
0.460211067
0.459934186
0.45963768
0.45933875
0.459053361
0.458881984
0.458711089
0.458539097
0.458364679
0.458186171
0.458001675
0.457809205
0.457621639
0.457402466
0.457117354
0.456848661
0.456570875
0.456284816
0.455991362
0.455691421
0.455385891
0.455075637
0.454761469
0.454444126
0.454124264
0.453802449
0.453479152
0.453154756
0.452878718
0.452595517
0.452298615
0.451982276
0.451652818
0.451314941
0.450970296
0.450633938
0.450324195
0.450049621
0.449789586
0.449549654
0.449322979
0.449060416
0.44878863
0.448531271
0.448278138
0.448073536
0.447913383
0.447781239
0.44767396
0.447535762
0.447361892
0.447172937
0.447040823
0.446896732
0.446728104
0.446567402
0.446391107
0.446226647
0.446084134
0.445926917
0.445750177
0.445532872
0.44530118
0.445076617
0.444841882
0.444555682
0.444243226
0.443914534
0.443581229
0.443237909
0.442885427
0.442515108
0.442136585
0.441751255
0.44135987
0.440963146
0.440554836
0.440123379
0.439679311
0.439228556
0.438770532
0.438320969
0.437844835
0.437376259
0.436905275
0.436425121
0.435942938
0.435467787
0.434982516
0.434513292
0.434037638
0.433548349
0.433056921
0.432566661
0.432077654
0.431587931
0.4310978
0.43060995
0.430121984
0.429633255
0.429143776
0.428653503
0.428162334
0.42767012
0.427176672
0.426681769
0.426186899
0.425689608
0.425145509
0.424594744
0.424127332
0.423689136
0.423222638
0.422912687
0.422607305
0.422306344
0.422019415
0.421669102
0.421295507
0.42093642
0.420573801
0.4201994
0.419814118
0.419434666
0.419063811
0.418677808
0.418279313
0.417893228
0.417510654
0.417118379
0.41674269
0.4163686
0.415987946
0.415604346
0.415218068
0.414840535
0.414459808
0.414084576
0.413799713
0.413530365
0.413272979
0.412982264
0.412730842
0.412474154
0.412212334
0.411933068
0.411645953
0.411341728
0.41118938
0.410805482
0.410550983
0.410286286
0.410016264
0.409835057
0.409690296
0.409528066
0.409352502
0.409199253
0.409048613
0.408923491
0.408799303
0.408680804
0.408570964
0.408493247
0.408546854
0.40859179
0.408614991
0.40864339
0.408677008
0.408715469
0.408758061
0.408803792
0.408851459
0.408899722
0.408938522
0.408998546
0.409055014
0.409106678
0.409146044
0.40917153
0.409190432
0.409196149
0.409153592
0.40912053
0.409079485
0.409007936
0.408891822
0.408741403
0.40856003
0.408348315
0.408099915
0.407819744
0.407579298
0.407389902
0.407257752
0.407237134
0.407245641
0.407251038
0.407263496
0.407270161
0.407251011
0.407138219
0.407009529
0.406902812
0.406812023
0.406740173
0.406647713
0.406525677
0.406384626
0.406209593
0.40604877
0.405958412
0.405860954
0.405782963
0.405711331
0.40565
0.405599028
0.40556649
0.405566921
0.405581411
0.40559325
0.405565803
0.40552422
0.405493784
0.405455756
0.405414308
0.405362911
0.405284352
0.405184019
0.40506913
0.404920521
0.404747682
0.404560389
0.404360002
0.404147988
0.403925649
0.403694225
0.403436599
0.403161599
0.402880386
0.402595893
0.402305859
0.402011087
0.401708803
0.401372766
0.401030453
0.400683815
0.400388141
0.400119905
0.399848954
0.399570986
0.399264313
0.398954722
0.398649576
0.398344093
0.398036071
0.39771937
0.397401971
0.397083491
0.396763415
0.396486452
0.396201742
0.395897941
0.395625657
0.395361289
0.395087541
0.394806663
0.394520652
0.394231951
0.393949081
0.393668534
0.393388574
0.39310949
0.392829671
0.392556504
0.39227832
0.391985355
0.391689398
0.391394185
0.391126712
0.3908564
0.390582136
0.390301884
0.390036472
0.389808109
0.389578
0.389341101
0.389090048
0.388824189
0.388556285
0.388292223
0.388032357
0.387777755
0.387528258
0.387283273
0.38704514
0.386814152
0.386596057
0.386377004
0.386141563
0.385902696
0.385661334
0.385415854
0.385165146
0.384911593
0.384649148
0.384376416
0.384105285
0.38383521
0.383575113
0.383306165
0.383037058
0.382753935
0.382459265
0.382175719
0.381897017
0.381607707
0.381313458
0.381029483
0.380757109
0.380485241
0.380216485
0.37995271
0.37969548
0.379445949
0.379204801
0.378956735
0.378734902
0.378521466
0.378312818
0.378107027
0.377933245
0.377709139
0.377444331
0.37718711
0.37694702
0.376698791
0.376441202
0.376198376
0.375984548
0.375771505
0.375530596
0.375283024
0.375029429
0.374783107
0.374529901
0.374298341
0.37408394
0.373856391
0.373617969
0.373368616
0.373110271
0.372847023
0.372623112
0.372398901
0.372185406
0.37196989
0.371751895
0.371533213
0.371326292
0.371135328
0.370940513
0.37075711
0.370521398
0.370270428
0.370007208
0.369757291
0.369500669
0.369267102
0.369026572
0.36873171
0.368431781
0.368126032
0.3678426
0.367567977
0.36729114
0.367001676
0.366711098
0.366439536
0.366179771
0.365912525
0.365635722
0.365348647
0.365065295
0.364796567
0.364506479
0.364202318
0.363917573
0.363621106
0.36333557
0.363035084
0.362746326
0.362462455
0.362173671
0.361892732
0.361593166
0.361300433
0.361015954
0.360712283
0.360421175
0.360130706
0.359834874
0.359537066
0.359236337
0.358928743
0.358629567
0.358325057
0.358023235
0.357711094
0.357396147
0.357081701
0.35677788
0.356471971
0.356166631
0.355842179
0.355558746
0.35523876
0.354920514
0.354616997
0.354291405
0.353958021
0.353634893
0.353304992
0.35296373
0.352613398
0.352284161
0.351952342
0.351609683
0.351279099
0.350947654
0.35060924
0.350291716
0.350043834
0.349754172
0.349522356
0.349233553
0.349010038
0.348763563
0.348471699
0.348195382
0.347886024
0.34755745
0.347270306
0.346985788
0.346681199
0.346402979
0.346064926
0.345773406
0.34547364
0.345187724
0.344907973
0.344619267
0.344314284
0.343994818
0.343674073
0.343366482
0.343095092
0.342803029
0.342492809
0.342167543
0.341866468
0.341574651
0.341270624
0.34101831
0.340751799
0.340467136
0.34016652
0.339853298
0.339541105
0.339206141
0.338906924
0.338585229
0.338328579
0.338044667
0.337719562
0.337451653
0.337191819
0.336924525
0.336680391
0.336416056
0.336133858
0.335849367
0.335574095
0.335272896
0.334996042
0.33473119
0.33445913
0.334230138
0.333961216
0.333729487
0.333468209
0.333174933
0.332975106
0.332692038
0.332371433
0.332186798
0.331867913
0.331680841
0.331395857
0.331352827
0.331051428
0.330850927
0.330744906
0.330525668
0.330245079
0.330135176
0.32989811
0.329669663
0.329437314
0.329266023
0.329058389
0.328860729
0.328688809
0.328519675
0.328334558
0.328127467
0.327943094
0.327768569
0.327591196
0.327411031
0.32726169
0.327232058
0.327102813
0.326836558
0.326745375
0.326553143
0.326379836
0.326222601
0.325956703
0.32577106
0.325716665
0.325497664
0.325434919
0.325221226
0.325083533
0.324959599
0.324747681
0.324736085
0.324559037
0.324259147
0.324214867
0.324007863
0.323933978
0.32384082
0.323549243
0.323398643
0.323221174
0.322997353
0.322843467
0.322681183
0.322574167
0.32241724
0.322300936
0.322078009
0.321913114
0.321710858
0.321648327
0.321416929
0.321334578
0.321135274
0.32119733
0.321132278
0.320915109
0.320658652
0.32056087
0.320401031
0.320194432
0.320081246
0.319939484
0.319700787
0.319524065
0.319343123
0.319170027
0.319034038
0.318894272
0.318755615
0.318651999
0.318551737
0.318443959
0.318357254
0.318275909
0.318181974
0.318083297
0.317991447
0.317901099
0.317820326
0.317714792
0.31759718
0.317536827
0.317474081
0.317401182
0.317404708
0.31744143
0.31751579
0.317681973
0.317868944
0.318097573
0.31831587
0.318547834
0.318756535
0.318957291
0.319154835
0.319298528
0.319392303
0.319438397
0.31944569
0.31935764
0.319244643
0.319106524
0.318927428
0.318664087
0.31840628
0.318182869
0.317939838
0.317722563
0.317543502
0.317351945
0.31715794
0.316963313
0.316753777
0.316567283
0.316376711
0.316179417
0.316004318
0.315853
0.315721847
0.315600559
0.31548647
0.31537641
0.315284686
0.315205162
0.315121407
0.315029927
0.314994657
0.314943012
0.314813616
0.314655831
0.314486125
0.314324635
0.314220202
0.314167176
0.314155551
0.314201042
0.314261065
0.314363687
0.314499139
0.314649682
0.314822541
0.315036262
0.315251991
0.315538442
0.315820715
0.316095449
0.316353574
0.316580515
0.31677619
0.316954211
0.317080058
0.317171379
0.317225908
0.31724888
0.317236314
0.317193821
0.31714323
0.317081268
0.316999884
0.316908764
0.316804528
0.316713049
0.316626268
0.316535973
0.316426952
0.316293864
0.316132503
0.315940203
0.315716094
0.315473272
0.315205205
0.314914271
0.314605365
0.314287136
0.313983029
0.313678129
0.313397897
0.31313844
0.312890789
0.312654738
0.312430885
0.312219088
0.312027866
0.311849647
0.311681141
0.31151939
0.311361471
0.311203611
0.311038303
0.31087207
0.310703371
0.310531173
0.310354756
0.310173545
0.309987847
0.309798597
0.309607655
0.30941662
0.309227609
0.309042886
0.308864657
0.308698426
0.308547919
0.308409039
0.308281724
0.308165159
0.30806215
0.30797897
0.307907095
0.307856358
0.307804683
0.307749974
0.307691038
0.30762761
0.307560289
0.307490398
0.307423423
0.307362781
0.307305842
0.307253871
0.307208303
0.307170181
0.307140078
0.307118067
0.307100647
0.307080379
0.30706839
0.307065092
0.307064307
0.30706268
0.307058616
0.307050974
0.307039118
0.307022906
0.307010678
0.306997113
0.306979011
0.306958233
0.306935627
0.306912218
0.30687449
0.306837395
0.306798952
0.306758448
0.30671473
0.306667512
0.306616873
0.306562715
0.306495769
0.306401266
0.306301807
0.306196973
0.306086607
0.305970805
0.305818374
0.305651944
0.305478099
0.305296483
0.305107119
0.304910371
0.30470688
0.304497466
0.304284394
0.304068907
0.303849908
0.303627945
0.30340342
0.303179548
0.302953078
0.302732779
0.30251509
0.302295895
0.30207954
0.301856879
0.301627158
0.301390014
0.301145469
0.300893889
0.300635907
0.300415218
0.300202196
0.299991334
0.299791701
0.299615106
0.299466063
0.299352159
0.299277103
0.299241245
0.299241771
0.299278877
0.299344126
0.299422437
0.29950243
0.299572581
0.299622857
0.299645367
0.299653137
0.299638696
0.299613467
0.299554559
0.299472233
0.299381075
0.29930878
0.299259577
0.299234635
0.299246985
0.299287872
0.29934981
0.299425316
0.299505475
0.299551684
0.299569622
0.299577721
0.299559699
0.299514341
0.299442972
0.299351283
0.299244436
0.299127131
0.299009571
0.298906348
0.29882722
0.298768922
0.298743052
0.298753189
0.298793369
0.29886058
0.298954968
0.29905703
0.299155479
0.29925017
0.29935614
0.299442272
0.299511721
0.29958028
0.299648962
0.299729847
0.299830256
0.299945512
0.30006731
0.300192752
0.300308233
0.300419685
0.300532685
0.300626678
0.300691386
0.300721028
0.300713832
0.300672091
0.300601709
0.30051135
0.300410854
0.300301029
0.30020346
0.300128071
0.300078931
0.300059727
0.300071372
0.300112213
0.300180776
0.300270268
0.300373496
0.300483943
0.300595668
0.300691218
0.300763482
0.30084723
0.300954065
0.301048534
0.301155
0.301271093
0.301364019
0.301439463
0.301509289
0.301599925
0.3017461
0.301917668
0.302120593
0.302356757
0.302625089
0.302922501
0.303242517
0.30361351
0.304003725
0.304392487
0.304768151
0.305119459
0.305444524
0.305779547
0.306105418
0.306386579
0.306607242
0.306788418
0.306991581
0.307151458
0.307288181
0.307388221
0.307451005
0.307486567
0.30750198
0.307508736
0.307511461
0.307557955
0.30761414
0.307669073
0.307729223
0.30780185
0.307884938
0.307979108
0.308083423
0.30819566
0.308312656
0.308431025
0.308561963
0.308684305
0.308807161
0.308912418
0.309001463
0.309073495
0.309113512
0.309150972
0.309176095
0.309179343
0.309169314
0.309164739
0.309153672
0.309091432
0.308989178
0.30887493
0.308746547
0.308610784
0.308473938
0.308324509
0.308165041
0.308042399
0.307938669
0.307839474
0.307723547
0.307618118
0.307534819
0.307438539
0.307298022
0.307129425
0.306953473
0.306768689
0.306559804
0.306330969
0.306087856
0.305836928
0.305617942
0.305406405
0.305197159
0.304972866
0.304759505
0.304545279
0.304342759
0.304179103
0.304016612
0.303848411
0.303669993
0.303479855
0.303271814
0.303045587
0.302707137
0.302361475
0.302033231
0.301730128
0.301432696
0.301126528
0.3008111
0.300485976
0.300150888
0.299805789
0.299439967
0.299047549
0.298682931
0.298321133
0.297941326
0.297546257
0.297138923
0.296724531
0.296308704
0.295864729
0.295397572
0.294911684
0.294417179
0.293961703
0.293548742
0.293150217
0.292757019
0.292365787
0.29197308
0.291575603
0.291170452
0.290763717
0.290341098
0.289901363
0.289445406
0.288980894
0.288519981
0.28805279
0.287575605
0.287051247
0.286536695
0.286012407
0.285486711
0.284970732
0.2844503
0.283940995
0.283452186
0.282969019
0.28248914
0.2820102
0.281530007
0.281046674
0.280558741
0.280065261
0.279565828
0.279059689
0.278546074
0.278033336
0.27752651
0.277008188
0.276480592
0.275945748
0.275405406
0.27486099
0.274313585
0.273766536
0.273226635
0.272684934
0.27216783
0.27167828
0.27116961
0.270661892
0.270102821
0.269569951
0.269060374
0.268598093
0.268170317
0.267794264
0.267439296
0.267066705
0.266633581
0.266321843
0.265999988
0.265693718
0.265376746
0.265067878
0.264805199
0.264586102
0.264347999
0.264088258
0.26377095
0.263476328
0.263232074
0.262934738
0.262610328
0.26230532
0.262084664
0.261765529
0.26138877
0.261089793
0.260811833
0.260673804
0.260318109
0.259986193
0.259703295
0.259437915
0.259188275
0.258949666
0.258648308
0.258427877
0.258149233
0.257900616
0.257645837
0.257400356
0.257171113
0.256930761
0.256692258
0.256434863
0.25619471
0.255980754
0.255733336
0.255500511
0.255274342
0.255145439
0.254855808
0.254617779
0.254409241
0.254230488
0.254060894
0.253903094
0.253716735
0.253502785
0.253300722
0.253106418
0.252944107
0.252816195
0.252705511
0.252573015
0.252424291
0.252283492
0.252159707
0.251952479
0.25177372
0.251608335
0.251457085
0.251328987
0.251218679
0.251121909
0.251003628
0.250880429
0.250741443
0.250599317
0.250473316
0.250355906
0.250247702
0.250148013
0.25005509
0.249966397
0.249865918
0.249756281
0.249648957
0.249534255
0.24939768
0.249239683
0.24906193
0.248867758
0.248689858
0.248518113
0.248354924
0.248205081
0.248069783
0.247949621
0.247844426
0.247753273
0.247680258
0.247613507
0.24754882
0.24748488
0.247420469
0.247354577
0.247286473
0.247215757
0.247142376
0.247066618
0.246989072
0.246906125
0.246821697
0.246742606
0.246661345
0.246572173
0.246478147
0.246379977
0.246279363
0.246205439
0.246149793
0.246077701
0.245987989
0.245892634
0.245801375
0.245722001
0.245637029
0.245557789
0.245501975
0.245469059
0.245468838
0.245477587
0.245475792
0.245469819
0.245458514
0.245464364
0.245499943
0.245564476
0.245657252
0.245778023
0.245952994
0.24614121
0.246314793
0.246508012
0.246689935
0.246859039
0.247019223
0.247175265
0.247373367
0.247581039
0.247820211
0.24805859
0.248288595
0.248508459
0.248716655
0.248912074
0.249084957
0.249238197
0.249378954
0.249508191
0.249639797
0.249767894
0.249888238
0.250025079
0.25017011
0.250324012
0.250501497
0.250714875
0.2509381
0.251177782
0.25143238
0.251696723
0.251968164
0.252254195
0.252522276
0.252770075
0.25299947
0.253219242
0.25343031
0.253653433
0.253904168
0.254160575
0.25442315
0.254691805
0.254965168
0.255205774
0.255456682
0.255333315
0.25529955
0.255412554
0.255522647
0.255646144
0.255887181
0.256242545
0.25652487
0.256543653
0.256509329
0.256554116
0.256622636
0.256637334
0.256640424
0.256625379
0.256609663
0.256727888
0.256632735
0.256414854
0.256193386
0.25602241
0.255875134
0.255916706
0.256013441
0.25613205
0.256314043
0.256536955
0.256791785
0.257060934
0.257344645
0.257723033
0.257920874
0.258152853
0.258391137
0.25863011
0.2588545
0.259066909
0.25927617
0.259479093
0.259672845
0.259855032
0.260023763
0.260228034
0.2604678
0.260723833
0.260974781
0.261206965
0.261434637
0.261644736
0.261838596
0.262088882
0.262352002
0.262603894
0.262846073
0.263080244
0.263308209
0.263531785
0.263718012
0.263725486
0.26373134
0.263736005
0.263812744
0.263910811
0.26400811
0.264168114
0.264323584
0.264473166
0.264615778
0.264750625
0.264877667
0.265001463
0.26511684
0.265224131
0.265442682
0.265668238
0.265872845
0.266060389
0.266235134
0.266401711
0.266564272
0.266726469
0.266891307
0.266984985
0.267040379
0.267133913
0.267255507
0.267383519
0.267516504
0.267652726
0.267790267
0.267964463
0.268146061
0.268322548
0.26849194
0.268594259
0.268606241
0.268604032
0.268600453
0.268577682
0.268530506
0.268499602
0.268492585
0.268463738
0.268296581
0.268131007
0.26803171
0.267952486
0.267877898
0.267816555
0.267642035
0.267460966
0.267346572
0.267283854
0.267067533
0.266794579
0.266464823
0.266091583
0.265688501
0.265256787
0.264797527
0.264311823
0.263829455
0.263334942
0.26287183
0.262409813
0.261976468
0.261584627
0.261268078
0.261103483
0.260973797
0.260825443
0.260657024
0.260468166
0.260259564
0.260032958
0.259791026
0.259537227
0.259275595
0.259010512
0.258746486
0.258487925
0.258238946
0.258003217
0.25778383
0.257583215
0.257403099
0.257244483
0.257107667
0.256992284
0.25689736
0.256821391
0.256762429
0.256718173
0.256686063
0.256663385
0.256647359
0.256635235
0.256624376
0.256612333
0.256596906
0.256576197
0.256548643
0.256513042
0.25646855
0.256414682
0.256351285
0.256278511
0.256196773
0.256106703
0.256009099
0.255904879
0.255795029
0.255680559
0.255562464
0.255441684
0.255319081
0.255195414
0.255071325
0.254947333
0.254823829
0.254701081
0.254579241
0.254458357
0.254338389
0.254219223
0.254100688
0.25398258
0.253864668
0.253745182
0.253625596
0.253505634
0.253384651
0.253261879
0.253136493
0.253007677
0.252874681
0.252736773
0.252589978
0.252437798
0.252279885
0.252115912
0.251945616
0.25176885
0.251584575
0.25139136
0.251192458
0.250988175
0.250778799
0.250564638
0.250346045
0.250123442
0.249897328
0.249666233
0.249432822
0.249198157
0.248962753
0.248727011
0.248491243
0.248255699
0.248020591
0.247786113
0.247552453
0.247319804
0.247088374
0.24685838
0.246635602
0.246436126
0.246238131
0.246041605
0.245846573
0.245653084
0.245461207
0.245271013
0.245082573
0.244895945
0.244711165
0.244528244
0.244347162
0.244167864
0.243990261
0.243814233
0.243639625
0.243467689
0.243297674
0.243128416
0.242959649
0.242791107
0.24262253
0.242453674
0.242284311
0.24211424
0.241943285
0.241771299
0.241598169
0.241423815
0.241248178
0.241071492
0.240894007
0.240715374
0.24053517
0.240352941
0.240168232
0.239980607
0.239789508
0.239594901
0.239396623
0.239194629
0.238988989
0.238779888
0.238567618
0.238352568
0.238135204
0.237916055
0.237695687
0.23747469
0.237253651
0.237033136
0.236813677
0.236595752
0.236379777
0.236166095
0.235954969
0.235746584
0.235542979
0.235350161
0.235156103
0.234961804
0.234768979
0.234579074
0.234393458
0.234213339
0.234039708
0.233873294
0.233714548
0.23356367
0.233420571
0.233284806
0.233155753
0.233036299
0.232927165
0.232822518
0.232720245
0.232618038
0.232513506
0.232404274
0.232290001
0.232169344
0.23203634
0.231890588
0.231732369
0.231562559
0.23138252
0.231197403
0.231000644
0.230793517
0.230579938
0.230368384
0.23017823
0.229998287
0.229829806
0.229673378
0.229528992
0.229398715
0.229283437
0.229178765
0.229082147
0.228992383
0.228904339
0.228812653
0.228715056
0.228614256
0.228496356
0.228364219
0.228221124
0.228057286
0.227885683
0.227711446
0.227546143
0.227388255
0.22723713
0.227092572
0.226983211
0.226798301
0.226652501
0.226516963
0.226391372
0.22627466
0.226168457
0.226075879
0.225971408
0.225835519
0.225706219
0.225585657
0.225468892
0.225355285
0.225243896
0.225133561
0.225028718
0.224909591
0.224771814
0.224630485
0.224497953
0.224367265
0.22426828
0.224094561
0.223955415
0.223821679
0.223694736
0.223570084
0.223444168
0.223317135
0.223189168
0.22306048
0.222931294
0.222804464
0.222683132
0.222568474
0.222473468
0.222314165
0.222172517
0.222037956
0.221911158
0.221792064
0.221679987
0.221573722
0.22147166
0.221380123
0.221285878
0.221189585
0.221089157
0.220968316
0.220826578
0.220676649
0.220528211
0.220396977
0.220277548
0.220171535
0.220079726
0.220002153
0.219938179
0.219886597
0.219845729
0.219813535
0.219787716
0.219765817
0.219745334
0.219723807
0.219698914
0.219668549
0.219630892
0.219584469
0.21952818
0.219461333
0.219383634
0.219295185
0.219196446
0.219088196
0.218971479
0.218847546
0.218717786
0.218583669
0.218446682
0.218317769
0.218193121
0.218069263
0.217947133
0.217827513
0.217711016
0.217598081
0.217488975
0.217383794
0.217282484
0.217184851
0.217090584
0.217003847
0.21690734
0.216797153
0.216677099
0.216553909
0.216450216
0.216361029
0.216286112
0.216226991
0.216168522
0.216107521
0.216045254
0.215983177
0.215927587
0.215887784
0.215862443
0.215839976
0.215815421
0.215787984
0.215758379
0.215726934
0.215695251
0.215677383
0.215657148
0.215633082
0.215605114
0.215573355
0.215540373
0.215516423
0.215489079
0.215455739
0.215416403
0.215371327
0.215320978
0.215268262
0.215223867
0.215175762
0.215121743
0.215062158
0.214997587
0.214931113
0.214873512
0.21481296
0.214747337
0.214677119
0.214603001
0.214528172
0.214463588
0.214397364
0.214327404
0.214254187
0.214178389
0.214103012
0.214039425
0.213975137
0.213908078
0.213838598
0.213767234
0.213694655
0.213623598
0.213565895
0.213508289
0.213448712
0.213387294
0.213324336
0.213260264
0.213195588
0.213130864
0.213067374
0.213020367
0.212972639
0.212923084
0.212871512
0.212817908
0.212762403
0.212705244
0.212646765
0.212587354
0.212527426
0.212466034
0.212384468
0.212298875
0.21222708
0.212164818
0.21211178
0.212067162
0.21202976
0.211998057
0.211970319
0.211944683
0.211921125
0.211882284
0.211825232
0.211771494
0.211718075
0.211664759
0.211611179
0.21155686
0.211501259
0.211444506
0.211371367
0.211298354
0.211225048
0.211151575
0.211077928
0.211003993
0.210929577
0.21085551
0.210765607
0.210677897
0.210591779
0.21050751
0.210425152
0.210344601
0.210265615
0.210190374
0.210098145
0.210010836
0.209926076
0.209844222
0.209766402
0.209675779
0.209590942
0.209510841
0.209435367
0.209364144
0.209298998
0.20921995
0.209133599
0.209054707
0.208982686
0.208917267
0.208857799
0.208803321
0.208755319
0.208695362
0.208621951
0.208557094
0.208497066
0.208443297
0.208376774
0.208308743
0.208248687
0.20819587
0.208149512
0.208108007
0.208074994
0.208025624
0.207959971
0.207884101
0.207818705
0.207760396
0.20770862
0.207662394
0.207623826
0.207571224
0.20750326
0.20742671
0.207359709
0.207300078
0.207254489
0.207217151
0.207189667
0.207146406
0.20708791
0.207016117
0.20694232
0.2068772
0.206820215
0.20677086
0.206728118
0.206690567
0.206660047
0.206617952
0.206560186
0.206488242
0.20641115
0.206342936
0.20628236
0.206228357
0.20618019
0.206138566
0.206092123
0.206033853
0.205965027
0.205890621
0.205827014
0.205771447
0.205726878
0.205673529
0.20561036
0.205538878
0.205464662
0.205402768
0.205350447
0.20531099
0.205264341
0.205208878
0.205145649
0.205076174
0.20500692
0.204950807
0.204905338
0.204873492
0.204835983
0.204790073
0.20473639
0.204676055
0.204610555
0.204547173
0.204495857
0.204455411
0.204427836
0.204395552
0.204354635
0.204305566
0.204249344
0.204187364
0.204126238
0.204077896
0.204039943
0.204016032
0.203985514
0.203945696
0.203897008
0.203840419
0.203777324
0.203710939
0.203660133
0.203620362
0.203576584
0.203526595
0.203472236
0.20343046
0.203383457
0.203331602
0.203292399
0.20324723
0.203195777
0.203141241
0.203097774
0.203068367
0.203030978
0.202985026
0.202931188
0.202870201
0.2028045
0.202753699
0.202715035
0.202670523
0.202619058
0.202561595
0.202503877
0.202457585
0.202422258
0.202383644
0.202337925
0.20228583
0.202231098
0.202188303
0.202158841
0.202122751
0.202078656
0.202027303
0.201969898
0.201911972
0.201866927
0.201832449
0.201795307
0.201751467
0.20170177
0.201666358
0.201624114
0.20157551
0.201524191
0.201484413
0.201458423
0.20142508
0.201383231
0.201333574
0.201277309
0.201218266
0.20117269
0.201138252
0.201099293
0.201053214
0.201002358
0.20096366
0.200919947
0.200889547
0.200851296
0.20080543
0.20075303
0.200700492
0.200659638
0.200629196
0.200614947
0.200590588
0.200555284
0.200509634
0.200454929
0.200392993
0.200327673
0.20027984
0.200243346
0.200222384
0.200193339
0.200155169
0.200108538
0.200054706
0.199995374
0.19993944
0.19989683
0.199866459
0.1998482
0.199826704
0.199796022
0.199756516
0.199709187
0.199656828
0.199619051
0.199593333
0.199560664
0.199519833
0.199472706
0.19943829
0.199398142
0.199369688
0.19933338
0.199288953
0.199241535
0.199204868
0.199178378
0.199145926
0.199104408
0.19905691
0.199020404
0.1989959
0.198961909
0.198917857
0.198865028
0.198810767
0.198767888
0.198735224
0.198716501
0.198691702
0.198657012
0.198613287
0.198563791
0.198525671
0.198495289
0.198458981
0.198417044
0.198383
0.198359539
0.198326605
0.198284027
0.198233131
0.198181759
0.198140002
0.198106869
0.198081343
0.198051746
0.198012739
0.197966385
0.197929497
0.197902616
0.197866028
0.197820076
0.197768944
0.197727323
0.197692695
0.197669056
0.197634604
0.197589288
0.197534746
0.197480033
0.197435636
0.197400709
0.197374131
0.197357336
0.197333147
0.19729743
0.197251366
0.197199652
0.197159737
0.197127799
0.197104255
0.197073566
0.197033128
0.196988573
0.196952899
0.19692468
0.196906335
0.196879973
0.196842844
0.19679624
0.196747949
0.196708831
0.196677912
0.196653873
0.19664295
0.196618665
0.196580847
0.196530707
0.19647043
0.196406835
0.19635729
0.196317446
0.196286373
0.196265661
0.196237696
0.196198796
0.196150098
0.196096351
0.196054604
0.196021207
0.195997147
0.195965541
0.195924037
0.195876568
0.195839185
0.1958091
0.195790118
0.195759588
0.195717542
0.195665567
0.195612592
0.195569787
0.195536064
0.195510238
0.195492554
0.195467146
0.195429248
0.195380155
0.195328504
0.195285553
0.195250576
0.195222486
0.195201232
0.195171324
0.195128304
0.195075821
0.19503209
0.19499404
0.194962987
0.194920778
0.194867641
0.194822628
0.194783865
0.194734899
0.194693305
0.194641985
0.194597573
0.194560858
0.194512913
0.194457867
0.194411293
0.194371039
0.194340457
0.194297728
0.194243216
0.194181808
0.194131235
0.194088321
0.194052215
0.19400914
0.193958943
0.193916163
0.193880032
0.19383586
0.193799551
0.193752156
0.193699599
0.193654797
0.193617031
0.193585051
0.193563539
0.193527017
0.193476086
0.193412839
0.193348643
0.193294234
0.193249274
0.193213074
0.193184059
0.193159978
0.193146145
0.193115079
0.193066202
0.19300154
0.192928034
0.192866844
0.192813437
0.192767689
0.192728617
0.192694551
0.192668796
0.192627917
0.192570854
0.19250108
0.192442212
0.192389374
0.19234227
0.192299919
0.192266242
0.192216728
0.192152694
0.192082453
0.192022098
0.191969945
0.191925582
0.191887792
0.191854727
0.191830805
0.191789692
0.191731748
0.191660733
0.191601155
0.191547785
0.191500451
0.191458261
0.191421526
0.191374868
0.191320442
0.191271017
0.191224949
0.191181698
0.191142291
0.191091854
0.191033873
0.190980509
0.190930879
0.190884614
0.190840786
0.19080155
0.190749558
0.190686021
0.190628386
0.190573746
0.190521951
0.190472534
0.190415159
0.190360349
0.190308024
0.190247819
0.190191047
0.190137378
0.190086282
0.190040796
0.189981732
0.189913989
0.18985312
0.189796958
0.189745376
0.189697624
0.189652744
0.189599535
0.189548816
0.189489904
0.189422272
0.189354274
0.189288806
0.189228835
0.189177081
0.189135788
0.189106546
0.189090206
0.189086849
0.18909582
0.189115803
0.189158972
0.189213891
0.189272588
0.189332116
0.189389671
0.189442757
0.189489316
0.189527813
0.18955661
0.189575824
0.189585824
0.189587335
0.189581488
0.189569703
0.18955356
0.189534653
0.189514512
0.189494564
0.18947596
0.18945957
0.18944596
0.18943539
0.189427842
0.189423047
0.189420539
0.189420261
0.189434633
0.189449509
0.189462516
0.189470743
0.189471055
0.189463606
0.18943796
0.189390749
0.18933207
0.189263323
0.189187116
0.189105815
0.189021447
0.188935657
0.188849687
0.188764377
0.188680194
0.188597275
0.188515489
0.188435697
0.188372691
0.1883149
0.188245237
0.188165184
0.188090753
0.188031278
0.18798174
0.187942123
0.187912291
0.187891151
0.187876836
0.187866922
0.187866831
0.187856307
0.187834562
0.187802256
0.187761805
0.187729772
0.187701981
0.187677797
0.187654302
0.187630362
0.187607326
0.187575336
0.187531642
0.187480612
0.187431422
0.187382394
0.187333795
0.187285393
0.187237158
0.187182569
0.18712226
0.187063647
0.187006749
0.186951649
0.186899052
0.186839159
0.186776294
0.18671783
0.186663835
0.186614318
0.186568748
0.186529158
0.186483679
0.186431568
0.186380653
0.186335631
0.186315322
0.186302899
0.186293887
0.18628649
0.186281398
0.186267909
0.186243486
0.186220825
0.18619676
0.186171322
0.186144342
0.186116095
0.186080203
0.186043938
0.186007264
0.185970452
0.185933523
0.185897033
0.185854033
0.18581247
0.18577212
0.185730676
0.185691006
0.185655137
0.185609802
0.185567911
0.185529396
0.185499445
0.185473144
0.185450325
0.185430475
0.185416625
0.185394609
0.185366214
0.185344676
0.185333736
0.185314715
0.185320575
0.185340809
0.185367195
0.185397979
0.185433751
0.185478082
0.18553158
0.185591095
0.185662345
0.185745621
0.185840715
0.185943292
0.186052791
0.186170774
0.18629602
0.186427151
0.186566455
0.186719913
0.186868013
0.18701534
0.187170019
0.187353884
0.187532157
0.187703296
0.187866275
0.188020606
0.18816632
0.188303918
0.188434278
0.188558553
0.188678053
0.188794127
0.188907985
0.189020675
0.189148274
0.189274554
0.189399938
0.189524217
0.189646676
0.189793264
0.189937787
0.190074404
0.190197974
0.190312992
0.190419034
0.19051615
0.190605406
0.190688048
0.190765352
0.190838587
0.190908943
0.190977422
0.191044893
0.191111974
0.191179017
0.191246131
0.191326475
0.191403762
0.191476786
0.191544024
0.191622533
0.19169297
0.191754074
0.19180515
0.191846111
0.191877463
0.191900233
0.191915187
0.191924824
0.191931292
0.191936993
0.191944323
0.191955318
0.191971572
0.192002555
0.192044211
0.192092659
0.19214693
0.192205628
0.192267057
0.192329359
0.192390664
0.192450544
0.192513803
0.192563628
0.19259921
0.192619818
0.192624886
0.192614245
0.192588223
0.192547544
0.192493784
0.192428851
0.192354962
0.192274573
0.192190201
0.192104281
0.192019014
0.191936267
0.191857482
0.191783641
0.19171292
0.191652595
0.191603117
0.191565623
0.191541683
0.191532928
0.19154073
0.191565946
0.191608749
0.191668552
0.191744005
0.191833073
0.191932616
0.192036903
0.192146665
0.19225978
0.192387074
0.192526897
0.192665797
0.192802739
0.192937116
0.193068684
0.193197478
0.193323535
0.193447349
0.193569259
0.19367611
0.193780298
0.193889902
0.194007259
0.194135082
0.194275974
0.194432017
0.194604474
0.194793609
0.194998635
0.19521622
0.195474396
0.195741352
0.196014768
0.196292752
0.196573831
0.196856915
0.197141239
0.197428524
0.197721887
0.198014412
0.19830556
0.198594907
0.198882124
0.199166946
0.199449148
0.199728533
0.200004922
0.200312791
0.200634014
0.200948253
0.201250447
0.201546757
0.201838152
0.20212618
0.202412624
0.20269923
0.202987469
0.203278367
0.203572393
0.203869443
0.204168886
0.204469672
0.204770492
0.205069953
0.205366763
0.205659889
0.205948676
0.206232917
0.206512863
0.206789178
0.207062841
0.207335023
0.207606947
0.207879745
0.208154352
0.208431414
0.208711256
0.208993879
0.209279006
0.209566155
0.209854734
0.210144143
0.210433864
0.210726585
0.211019216
0.211311201
0.211602693
0.211894096
0.212185995
0.212479067
0.212773986
0.213071323
0.213371487
0.21367467
0.213980841
0.214289765
0.21460105
0.214914206
0.215228727
0.215544151
0.215860124
0.216176432
0.216493014
0.216809951
0.21712743
0.217445699
0.217765008
0.218085564
0.218407484
0.218730772
0.219055312
0.219380876
0.219707157
0.220033801
0.220360449
0.220686777
0.221012522
0.221330696
0.221646769
0.221961779
0.22227581
0.222581007
0.222881946
0.223182804
0.223482316
0.223775125
0.22406224
0.224346041
0.224626085
0.22489682
0.225160344
0.225418662
0.225671769
0.225919604
0.226162089
0.226397494
0.226628773
0.226851915
0.227070107
0.227284566
0.227487717
0.227695557
0.22790676
0.228123031
0.228345144
0.228569348
0.228774836
0.228976932
0.229177806
0.229368159
0.229545476
0.229708182
0.229835143
0.22994996
0.230056017
0.230154886
0.230246285
0.230334163
0.230418393
0.23049401
0.230563829
0.230625711
0.230677324
0.230716812
0.23074315
0.230756313
0.230757246
0.230747655
0.230729665
0.230705433
0.230677545
0.230650541
0.230621855
0.230590846
0.230556398
0.230517233
0.230472216
0.23042061
0.230362235
0.230297495
0.230227293
0.230152851
0.230075484
0.229996368
0.229916361
0.229850165
0.229783717
0.229715316
0.229643776
0.229568398
0.229489102
0.229406421
0.229321368
0.229235216
0.229149244
0.229064502
0.228981644
0.228900859
0.228821893
0.228744167
0.228666952
0.228589549
0.228511459
0.228432486
0.228374131
0.22831435
0.228252049
0.228187278
0.228120867
0.228054199
0.227988872
0.227926351
0.227867678
0.227813298
0.22776302
0.227716127
0.227671578
0.227628269
0.227585277
0.227542051
0.227498491
0.227454939
0.227412051
0.22737063
0.227331427
0.227294978
0.2272615
0.227230862
0.227202648
0.227176258
0.22715106
0.227126521
0.227102309
0.227078345
0.227054781
0.227031943
0.227010223
0.226989979
0.226970875
0.226952621
0.226936818
0.226925134
0.2269129
0.226907323
0.22690811
0.226912215
0.22691537
0.226913255
0.226902575
0.226881812
0.226851487
0.226813924
0.226772587
0.226731238
0.226693014
0.226659853
0.226632172
0.226608947
0.226588126
0.226567235
0.22654403
0.226517039
0.22648586
0.226451177
0.226414515
0.226377785
0.226342805
0.226310861
0.226282452
0.22625724
0.226234205
0.226211954
0.226189083
0.226164518
0.226137738
0.226108842
0.226078458
0.226047526
0.226017025
0.22598772
0.22595998
0.225933713
0.225908424
0.225883366
0.22585774
0.225831098
0.225809804
0.225785853
0.225759004
0.225729643
0.225698621
0.225666989
0.225635713
0.22560543
0.225576315
0.225548079
0.225520085
0.225491537
0.225461697
0.225430069
0.225396499
0.225361179
0.225324569
0.225287248
0.225249753
0.225212444
0.225175426
0.225138544
0.225101447
0.225063696
0.225024881
0.224984728
0.22494315
0.224900251
0.224856278
0.224811542
0.224766324
0.224720804
0.224675018
0.224628864
0.224582132
0.224534572
0.224485957
0.22443614
0.224385081
0.224332843
0.224279564
0.224225411
0.224170529
0.224115003
0.224058836
0.224001959
0.223944249
0.223885569
0.223825799
0.223764871
0.223702775
0.223639559
0.223575306
0.223510109
0.223444043
0.223377147
0.223309415
0.223240803
0.223171241
0.223100656
0.223028992
0.222956223
0.222882353
0.222807418
0.22273147
0.222654558
0.222576722
0.222497975
0.222418311
0.222337698
0.222256099
0.222173476
0.222089369
0.222004
0.221918897
0.22183631
0.221758385
0.22168645
0.221620614
0.221559735
0.221501758
0.221444264
0.221385084
0.221327737
0.221268788
0.221205465
0.221138589
0.221069705
0.221000532
0.220932428
0.220866015
0.220801052
0.220736567
0.220671177
0.220603504
0.220532553
0.220457943
0.220379949
0.22029937
0.220217259
0.220134606
0.220052075
0.219969857
0.219887676
0.219804915
0.219720831
0.219634787
0.219546422
0.219455738
0.219363063
0.21926894
0.219173948
0.219078546
0.218982957
0.218887128
0.218790773
0.21869348
0.218594837
0.218494545
0.218392495
0.218288774
0.218183623
0.218077348
0.217970231
0.217862447
0.217754023
0.217644846
0.217534709
0.217423375
0.217310648
0.217196428
0.217080726
0.216963653
0.216845383
0.216726094
0.216605927
0.216484946
0.216363135
0.216240413
0.216116668
0.215991795
0.215865729
0.215738467
0.215610063
0.215480615
0.215350236
0.215219026
0.215087048
0.21495432
0.214820819
0.214686496
0.214551293
0.214415171
0.214278117
0.214140153
0.214001326
0.213861699
0.213721331
0.213580269
0.213438533
0.213296118
0.213153002
0.213009154
0.212864549
0.212716674
0.212562591
0.212411428
0.212269308
0.212141472
0.212030531
0.211935685
0.211852994
0.211776538
0.211700029
0.211618397
0.211528894
0.211431441
0.211328192
0.211222519
0.211117777
0.211016229
0.210918422
0.210823133
0.210727844
0.210629552
0.210525655
0.210414652
0.210296475
0.210172382
0.210044492
0.20991513
0.209786177
0.209682155
0.209585274
0.209482492
0.20937131
0.209251487
0.209124927
0.208994948
0.208865216
0.208738685
0.208616853
0.208499491
0.208384901
0.208270546
0.20815386
0.208028552
0.207896596
0.207759847
0.207617992
0.207470799
0.207318325
0.207160962
0.206999444
0.206834717
0.206666786
0.206496508
0.206323147
0.206144501
0.205958108
0.205762213
0.20558685
0.205401492
0.2052029
0.20499284
0.204775797
0.204556167
0.204337051
0.204119864
0.203904355
0.203687055
0.203467264
0.203242796
0.203011442
0.202771949
0.202524475
0.202270608
0.202012968
0.201754562
0.201498083
0.201245349
0.200997019
0.200752624
0.20051088
0.200270162
0.200029011
0.199809014
0.199597033
0.199378062
0.199151751
0.198920099
0.19868668
0.198455545
0.198230119
0.198012372
0.19780247
0.19759891
0.19739908
0.19720003
0.196999262
0.196795316
0.196588036
0.196378465
0.196168449
0.19596008
0.195755135
0.195554659
0.19539508
0.195235148
0.195070091
0.194897653
0.194718072
0.194533774
0.194347588
0.194162711
0.193981622
0.193804626
0.193630275
0.193456059
0.193279275
0.19309784
0.192910874
0.192718898
0.192523669
0.192330209
0.19217041
0.192008825
0.191843746
0.191673827
0.191498688
0.191319057
0.191136607
0.190953576
0.190772266
0.190594576
0.190421661
0.190253798
0.190090464
0.189930577
0.189772845
0.189616109
0.189480189
0.189354476
0.189223243
0.189085707
0.188940682
0.18879472
0.188653018
0.188520415
0.188400541
0.188294936
0.188202778
0.188121191
0.188046018
0.187972831
0.187897903
0.187848543
0.187794842
0.187730343
0.187656214
0.187576174
0.187495305
0.187418654
0.187350019
0.187291155
0.187240654
0.187194239
0.187149669
0.18710235
0.1870482
0.186984665
0.186911271
0.186829618
0.186742869
0.186654067
0.186569114
0.186492307
0.186426622
0.186373368
0.186331923
0.186299953
0.186274029
0.186250446
0.186226041
0.1861988
0.186168139
0.186134807
0.186100488
0.186079387
0.18607382
0.186066827
0.186057069
0.186043985
0.186027815
0.186009436
0.185990059
0.185970875
0.185952753
0.18593604
0.185920517
0.185905504
0.185890065
0.185873257
0.18585437
0.185833078
0.185809492
0.185784094
0.185757595
0.185730741
0.185704138
0.185678123
0.185652721
0.185627666
0.18560254
0.185576871
0.185550281
0.185522587
0.185493838
0.185464295
0.185434359
0.185404469
0.185375008
0.185346209
0.185318137
0.18529069
0.185263667
0.185236848
0.185209052
0.185181196
0.185152014
0.185119429
0.185081354
0.185036385
0.184984256
0.184925952
0.184863481
0.184799398
0.184736222
0.184675913
0.184619523
0.184567108
0.184517889
0.184470599
0.184423922
0.184376886
0.184329135
0.184281003
0.184233398
0.184187544
0.18414464
0.184105588
0.184070793
0.184040117
0.18401297
0.183988514
0.183965906
0.183944525
0.183924111
0.183904801
0.18388705
