
0.917404491
0.91634388
0.915287947
0.914236813
0.913187951
0.912141404
0.911100873
0.910064884
0.909035579
0.908009135
0.906985421
0.905966365
0.904950101
0.903936235
0.902925044
0.901916556
0.900910754
0.899907624
0.898900934
0.897894539
0.896889689
0.895887204
0.89488712
0.89388947
0.892894283
0.891901584
0.890911213
0.889923103
0.888937497
0.887954414
0.886973157
0.885985716
0.88499604
0.884008737
0.883023844
0.882041394
0.881061414
0.880083929
0.87910896
0.878136525
0.877166641
0.876199319
0.875227032
0.874260561
0.873302623
0.872347348
0.871399963
0.870457801
0.869518466
0.868581933
0.867648179
0.866720515
0.865803994
0.864890829
0.863984189
0.863080256
0.862179006
0.861280416
0.860384466
0.859491136
0.858600409
0.857714104
0.856836088
0.855960785
0.855092116
0.854221843
0.853351441
0.852478201
0.851607172
0.850738728
0.849872456
0.849008375
0.848147303
0.847291527
0.846438411
0.845589444
0.844743133
0.843895463
0.843051193
0.842209276
0.841369608
0.84053219
0.839704483
0.838881669
0.838061171
0.837242975
0.836427072
0.835613449
0.834802097
0.833993004
0.833186162
0.832381559
0.831579188
0.830779037
0.829981099
0.829185365
0.828393891
0.827609303
0.826827043
0.826045303
0.825268191
0.824492885
0.823718846
0.822947091
0.822178691
0.821413418
0.820650333
0.81988907
0.819129998
0.818373093
0.817619681
0.816873221
0.816129006
0.815387002
0.81464718
0.813909513
0.813174157
0.812442241
0.811712464
0.810988161
0.810266576
0.809547161
0.808829882
0.808114709
0.807401615
0.806690574
0.805981562
0.805275193
0.80457166
0.803873535
0.803177438
0.802483342
0.801790508
0.801096737
0.800404914
0.799714653
0.799025988
0.798339184
0.797654229
0.796974692
0.796299871
0.795628773
0.794959646
0.794292462
0.793627193
0.792963817
0.792302311
0.791642653
0.790984203
0.790327522
0.789672643
0.789018321
0.788364019
0.787711381
0.787060404
0.78641126
0.785765599
0.785122552
0.784481822
0.783840789
0.783201421
0.782563709
0.781927644
0.781293218
0.780660424
0.780029089
0.779399198
0.778768527
0.778138158
0.777509372
0.776882166
0.776256534
0.775632474
0.775009981
0.774389051
0.773773643
0.773160317
0.772548647
0.771938618
0.771330213
0.770723322
0.770119929
0.769518837
0.768919144
0.768320669
0.767723683
0.767128182
0.766534163
0.76594162
0.765348909
0.76475512
0.764162743
0.763571782
0.762982237
0.76239411
0.76180765
0.761223994
0.760642372
0.760062233
0.759483565
0.758906362
0.758330614
0.757756315
0.757183456
0.756612032
0.756042034
0.755473457
0.754906294
0.754340539
0.753776187
0.753214707
0.7526549
0.752096435
0.75153931
0.750983526
0.75042908
0.749879018
0.749331185
0.748784776
0.74823978
0.747696183
0.747153974
0.746613143
0.746074165
0.745537785
0.745001331
0.744465215
0.743930402
0.743398245
0.742867866
0.742338775
0.741810968
0.741283851
0.740757553
0.740232484
0.739708769
0.7391887
0.73867054
0.7381537
0.737638169
0.737123933
0.736611146
0.736099805
0.735589749
0.735080967
0.734573628
0.734065857
0.733558719
0.733052748
0.732548171
0.732046357
0.731545895
0.731046935
0.73054918
0.730052621
0.729557253
0.729063068
0.72857006
0.728079459
0.727590572
0.727102907
0.726616522
0.726132965
0.725651584
0.725173802
0.724697234
0.724221866
0.723747686
0.72327468
0.722802837
0.722331473
0.721857627
0.721384865
0.720913183
0.720444001
0.719976341
0.71950981
0.719044397
0.718580095
0.718116895
0.717654895
0.717195541
0.716737229
0.716279957
0.715823721
0.71536852
0.714914349
0.714462563
0.714011954
0.713562414
0.713113937
0.712665046
0.712217055
0.71177005
0.71132474
0.71088171
0.710439618
0.709997752
0.709556544
0.709116375
0.708677264
0.708239078
0.70780182
0.707366649
0.706934577
0.706504377
0.706075231
0.705647125
0.705220049
0.70479392
0.704368458
0.70394397
0.703520453
0.7030979
0.702676306
0.702255666
0.701835976
0.701417232
0.70099943
0.700582564
0.700167849
0.699755188
0.699343515
0.698932818
0.698523088
0.698114317
0.697706496
0.697299618
0.696894168
0.696490833
0.6960898
0.695689887
0.69529096
0.694893005
0.69449601
0.694099963
0.693704852
0.693310669
0.692917403
0.692525047
0.692133592
0.691743032
0.69135336
0.690964569
0.690576654
0.690189608
0.689803428
0.689418107
0.689034333
0.688652832
0.688272229
0.687892514
0.687513677
0.687135711
0.686758608
0.686382362
0.686007682
0.685634659
0.685262134
0.684890432
0.684519569
0.684149541
0.683780342
0.683411965
0.683044405
0.682677658
0.682311719
0.681946583
0.681582248
0.681218707
0.680855959
0.680494
0.680132826
0.679772433
0.67941282
0.679053983
0.678695919
0.678338625
0.677982099
0.677626338
0.67727134
0.676917103
0.676563623
0.676210898
0.675858927
0.67550955
0.675161976
0.674812914
0.674464554
0.674116898
0.67377023
0.673425206
0.673080854
0.672737078
0.672393632
0.672050761
0.671707133
0.671364316
0.671020988
0.670678401
0.670336551
0.669995433
0.669655044
0.669316018
0.668978642
0.66864203
0.668306175
0.667971068
0.667636704
0.66730322
0.666971734
0.666641014
0.666311049
0.66598183
0.665653349
0.665325598
0.664998571
0.664672259
0.664346658
0.664021762
0.663697565
0.663374063
0.663051113
0.662728701
0.662406955
0.662085872
0.661765451
0.66144623
0.661127695
0.660809828
0.660492627
0.660176088
0.659860209
0.659544986
0.659230416
0.658916499
0.65860323
0.658290608
0.65797863
0.657667294
0.657356599
0.657046541
0.65673712
0.656428881
0.656122142
0.655816074
0.655510669
0.655205922
0.654901827
0.65459838
0.654295575
0.653993408
0.653691876
0.653390974
0.653090699
0.652791047
0.652492016
0.652193602
0.651895803
0.651598615
0.651302038
0.651006067
0.650710701
0.650415937
0.650122068
0.649829816
0.649538196
0.649247202
0.648956829
0.648667071
0.648377925
0.648089384
0.647801446
0.647514083
0.647226965
0.646940436
0.646654493
0.646369133
0.646084354
0.645800153
0.645516528
0.645233478
0.644951
0.644669091
0.644387751
0.644106977
0.643826768
0.643547121
0.643268036
0.64298951
0.642711542
0.64243413
0.642157274
0.641880971
0.641605219
0.641330018
0.641055367
0.640781262
0.640507705
0.640234692
0.639961942
0.639689683
0.639417947
0.639146733
0.638876044
0.638605879
0.638336237
0.638065817
0.637795685
0.637526025
0.637256843
0.636988143
0.636719928
0.636452203
0.636184969
0.635918229
0.635651881
0.635385874
0.635120351
0.634855314
0.634590767
0.63432671
0.634063146
0.633800077
0.633537503
0.633275426
0.633013847
0.632752765
0.632492183
0.632232099
0.631972515
0.631713429
0.631454843
0.631196755
0.630939166
0.630682075
0.630425464
0.630169003
0.629913035
0.629657562
0.629402582
0.629148096
0.628894103
0.628640601
0.628387592
0.628135074
0.627883047
0.627631509
0.62738046
0.6271299
0.626879827
0.626630319
0.62638158
0.626133349
0.625885622
0.625638396
0.625391668
0.625145437
0.624899699
0.624654452
0.624409694
0.624165424
0.623921639
0.623678337
0.623435517
0.623193176
0.622951314
0.622709929
0.62246902
0.622228584
0.62198862
0.621749128
0.621510106
0.621271552
0.621033466
0.620795845
0.620559931
0.620325214
0.620091015
0.619857325
0.619624139
0.619391451
0.619159255
0.618927562
0.618696403
0.618465722
0.618235515
0.618005778
0.617776508
0.617547701
0.617319355
0.617091467
0.616864035
0.616637055
0.616410527
0.616184447
0.615958815
0.615733627
0.615508883
0.61528458
0.615060717
0.614837292
0.614614304
0.614391752
0.614169634
0.613947949
0.613726678
0.613505611
0.613284959
0.613064722
0.612844901
0.612625495
0.612406504
0.612187929
0.611969769
0.611752025
0.611534695
0.611317779
0.611101299
0.610886103
0.610671304
0.610456901
0.610242896
0.61002929
0.609816083
0.60960396
0.609392427
0.609181274
0.608970504
0.608760118
0.608550119
0.608340506
0.608131281
0.607922446
0.607714
0.607505944
0.607298279
0.607091004
0.60688412
0.606677627
0.606471525
0.606265814
0.606060493
0.605855563
0.605651022
0.605446872
0.60524311
0.605039738
0.604836754
0.604634158
0.604431949
0.604230127
0.604028691
0.603827641
0.603626976
0.603426695
0.603226798
0.603026963
0.60282689
0.602627199
0.602427891
0.602228965
0.60203042
0.601832255
0.60163447
0.601437064
0.601240036
0.601043386
0.600847113
0.600651216
0.600455694
0.600260547
0.600065774
0.599871374
0.599677346
0.59948369
0.599290405
0.59909749
0.598904945
0.598712768
0.59852096
0.598329518
0.598138444
0.597947734
0.59775739
0.59756741
0.597377794
0.597188541
0.596999649
0.596811119
0.59662295
0.59643514
0.59624769
0.596060499
0.595873527
0.595686897
0.595500611
0.595314668
0.59512907
0.594943816
0.594758907
0.594574344
0.594390126
0.594206253
0.594022726
0.593839544
0.593656708
0.593474216
0.593292068
0.593110265
0.592928806
0.59274769
0.592566918
0.592386488
0.592206401
0.592026655
0.591847251
0.591668187
0.591489287
0.591310666
0.591132382
0.590954436
0.590776827
0.590599554
0.590422618
0.590246017
0.590069752
0.589893821
0.589718224
0.589542961
0.589368031
0.589193433
0.589019167
0.588845233
0.588671629
0.588498356
0.588325412
0.588152797
0.58798051
0.587808551
0.587636919
0.587465613
0.587294634
0.587123979
0.58695365
0.586783644
0.586613961
0.586444602
0.586275564
0.586107215
0.585939232
0.585771594
0.585604296
0.585437337
0.585270714
0.585104424
0.584938465
0.584772836
0.584607533
0.584442556
0.584277903
0.584113372
0.583948893
0.583784719
0.583620848
0.58345697
0.583292869
0.583129074
0.582965586
0.582802403
0.582639526
0.582476955
0.58231469
0.582152731
0.581991077
0.581829728
0.581668684
0.581507944
0.581347509
0.581187377
0.581027549
0.580867902
0.580708435
0.580549268
0.580390401
0.580231833
0.580073564
0.579915594
0.579757923
0.57960055
0.579443474
0.579286697
0.579130216
0.578974032
0.578818145
0.578662553
0.578507256
0.578352255
0.578197548
0.578043135
0.577889015
0.577735188
0.577581654
0.577428411
0.57727546
0.577122799
0.576970765
0.57681994
0.576669406
0.57651916
0.576369202
0.576219532
0.57607015
0.575921054
0.575772245
0.575623722
0.575475483
0.57532753
0.57517986
0.575032475
0.574885372
0.574738552
0.574592014
0.574445758
0.574299782
0.574154087
0.574008672
0.573863536
0.573718679
0.5735741
0.573429799
0.573285776
0.573142028
0.572998407
0.572854301
0.572710471
0.572566917
0.572423639
0.572280636
0.572137907
0.571995452
0.571853271
0.571711363
0.571569727
0.571428362
0.571287269
0.571146447
0.571005841
0.570865424
0.570725275
0.570585394
0.57044578
0.570306433
0.570167352
0.570028538
0.569889989
0.569751705
0.569613686
0.569475932
0.569338441
0.569200441
0.569062472
0.568924777
0.568787354
0.568650201
0.568513331
0.568377211
0.568241355
0.568105763
0.567970432
0.567835362
0.567700552
0.567566001
0.567431709
0.567297674
0.567163896
0.567030375
0.566897108
0.566764096
0.566631339
0.566498834
0.566366583
0.566234683
0.56610357
0.5659727
0.565842076
0.565711695
0.565581558
0.565451666
0.565322018
0.565192613
0.565063451
0.564934533
0.564805858
0.564677426
0.564549236
0.564421289
0.564293583
0.564166118
0.564038895
0.563911913
0.56378517
0.563658668
0.563532406
0.563406382
0.563280598
0.563155051
0.563029743
0.562904672
0.562779839
0.562655242
0.562530882
0.562406757
0.562282868
0.562159214
0.562035794
0.561912609
0.561789658
0.561666939
0.561544454
0.561422201
0.56130018
0.561178413
0.561057438
0.560936687
0.560816159
0.560695854
0.560575774
0.560455917
0.560336285
0.560216876
0.560097691
0.559978729
0.559859991
0.559741477
0.559623185
0.559505117
0.559387271
0.559269648
0.559152246
0.559035067
0.558918109
0.558801373
0.558684858
0.558568563
0.558452488
0.558336633
0.558220998
0.558105582
0.557990385
0.557875407
0.557760646
0.557646103
0.557531778
0.557417669
0.557303777
0.557190102
0.557076642
0.556963397
0.556850368
0.556737553
0.556624952
0.556512565
0.556400391
0.556288431
0.556176683
0.556065147
0.555953824
0.555842711
0.55573181
0.555621119
0.555510639
0.555400368
0.555290307
0.555180496
0.555071389
0.554962482
0.554853777
0.554745274
0.554636972
0.554528873
0.554420975
0.554313278
0.554205784
0.554098491
0.5539914
0.55388451
0.553777822
0.553671335
0.553565048
0.553458963
0.553353078
0.553247393
0.553141908
0.553036622
0.552931536
0.55282665
0.552721961
0.552617472
0.552513181
0.552409338
0.552305785
0.552202428
0.552099267
0.551996303
0.551893535
0.551790961
0.551688583
0.551586399
0.55148441
0.551382615
0.551281013
0.551179605
0.551078389
0.550977366
0.550876535
0.550775895
0.550675447
0.550575191
0.550475124
0.550375249
0.550275563
0.550176067
0.55007676
0.549977642
0.549878713
0.549779972
0.549681418
0.549583053
0.549484874
0.549386882
0.549289077
0.549191457
0.549094024
0.548996775
0.548899712
0.548802834
0.54870614
0.54860963
0.548513303
0.54841716
0.548321199
0.548225422
0.548129826
0.548034413
0.547939181
0.54784413
0.54774926
0.547654571
0.547560062
0.547465732
0.547371583
0.547277612
0.54718382
0.547090207
0.546996772
0.546903515
0.546810435
0.546717532
0.546624806
0.546532257
0.546439884
0.546347686
0.546255664
0.546163818
0.546072146
0.545980648
0.545889325
0.545798175
0.545707199
0.545616396
0.545525766
0.545435309
0.545345024
0.54525491
0.545164969
0.545075198
0.544985598
0.544896169
0.54480691
0.544717821
0.544628902
0.544540152
0.54445157
0.544363158
0.544274914
0.544186838
0.544098929
0.544011188
0.543923614
0.543836207
0.543748966
0.543661891
0.543574983
0.543488239
0.543401661
0.543315248
0.543228999
0.543142914
0.543056994
0.542971237
0.542885643
0.542800212
0.542714944
0.542629839
0.542544895
0.542460114
0.542375494
0.542291035
0.542206736
0.542122599
0.542038621
0.541954804
0.541871146
0.541787648
0.541704309
0.541621128
0.541538106
0.541455242
0.541372536
0.541289988
0.541207597
0.541125363
0.541043285
0.540961364
0.540879599
0.54079799
0.540716536
0.540635237
0.540554094
0.540473105
0.54039227
0.540311589
0.540231062
0.540150689
0.540070469
0.539990401
0.539910487
0.539830724
0.539751114
0.539671655
0.539592348
0.539513192
0.539434186
0.539355332
0.539276627
0.539198073
0.539119669
0.539041414
0.538963308
0.538885351
0.538807542
0.538729882
0.53865237
0.538575006
0.53849779
0.53842072
0.538343753
0.538266936
0.538190438
0.538114084
0.538037875
0.53796181
0.53788589
0.537810113
0.53773448
0.537658991
0.537583646
0.537508444
0.537433384
0.537358468
0.537283694
0.537209063
0.537134574
0.537060227
0.536986022
0.536911958
0.536838035
0.536764254
0.536690613
0.536617113
0.536543753
0.536470533
0.536397452
0.536324512
0.53625171
0.536179048
0.536106524
0.536034139
0.535961893
0.535889784
0.535817813
0.535745979
0.535674283
0.535602724
0.535531302
0.535460016
0.535388866
0.535317852
0.535246974
0.535176232
0.535105624
0.535035152
0.534964993
0.534895177
0.534825492
0.534755939
0.534686518
0.534617228
0.53454807
0.534479042
0.534410146
0.53434138
0.534272746
0.534204242
0.534135868
0.534067625
0.533999512
0.533931529
0.533863675
0.533795952
0.533728357
0.533660892
0.533593556
0.533526348
0.533459269
0.533392319
0.533325496
0.533258802
0.533192235
0.533125795
0.533059483
0.532993298
0.532927239
0.532861307
0.532795501
0.532729821
0.532664268
0.532598839
0.532533537
0.532468359
0.532403306
0.532338378
0.532273575
0.532208895
0.53214434
0.532079908
0.5320156
0.531951416
0.531887354
0.531823415
0.531759599
0.531695906
0.531632334
0.531568884
0.531505556
0.53144235
0.531379265
0.531316301
0.531253457
0.531190735
0.531128132
0.53106565
0.531003287
0.530941045
0.530878921
0.530816917
0.530755032
0.530693266
0.530631618
0.530570088
0.530508677
0.530447384
0.530386208
0.530325149
0.530264208
0.530203384
0.530142676
0.530082086
0.530021611
0.529961253
0.52990101
0.529840883
0.529780872
0.529720976
0.529661194
0.529601528
0.529541976
0.529482539
0.529423216
0.529364007
0.529304911
0.529245929
0.52918706
0.529128305
0.529069662
0.529011132
0.528952714
0.528894409
0.528836215
0.528778134
0.528720164
0.528662305
0.528604558
0.528546921
0.528489396
0.528431981
0.528374676
0.528317481
0.528260397
0.528203422
0.528146556
0.5280898
0.528033153
0.527976615
0.527920186
0.527863865
0.527807652
0.527751547
0.527695551
0.527639662
0.52758388
0.527528206
0.527472639
0.527417178
0.527361824
0.527306577
0.527251436
0.527196401
0.527141472
0.527086649
0.527031931
0.526977318
0.526922811
0.526868408
0.52681411
0.526759916
0.526705827
0.526651842
0.52659796
0.526544182
0.526490508
0.526436937
0.526383469
0.526330105
0.526276842
0.526223683
0.526170625
0.52611767
0.526064817
0.526012065
0.525959415
0.525906866
0.525854419
0.525802072
0.525749827
0.525697681
0.525645637
0.525593692
0.525541848
0.525490103
0.525438458
0.525386913
0.525335466
0.525284119
0.525232871
0.525181721
0.52513067
0.525079718
0.525028863
0.524978106
0.524927448
0.524876887
0.524826423
0.524776056
0.524725787
0.524675614
0.524625538
0.524575559
0.524525676
0.524475889
0.524426198
0.524376602
0.524327103
0.524277698
0.524228389
0.524179175
0.524130056
0.524081032
0.524032102
0.523983368
0.523934913
0.523886549
0.523838278
0.523790098
0.52374201
0.523694013
0.523646109
0.523598295
0.523550574
0.523502943
0.523455404
0.523407956
0.5233606
0.523313334
0.523266159
0.523219075
0.523172082
0.523125179
0.523078366
0.523031644
0.522985012
0.522938469
0.522892017
0.522845654
0.52279938
0.522753196
0.522707101
0.522661095
0.522615178
0.52256935
0.52252361
0.522477959
0.522432396
0.522386921
0.522341533
0.522295524
0.522248729
0.522201959
0.522155219
0.522108516
0.522061855
0.52201524
0.521968675
0.521922165
0.521875712
0.52182932
0.521782991
0.521736728
0.521690532
0.521644407
0.521598352
0.521552371
0.521506464
0.521460633
0.521414878
0.5213692
0.521323601
0.521278081
0.521232641
0.521187281
0.521142002
0.521096804
0.521051687
0.521006653
0.5209617
0.52091683
0.520872042
0.520827337
0.520782715
0.520738176
0.52069372
0.520649346
0.520605056
0.520560849
0.520516725
0.520472684
0.520428725
0.52038485
0.520341058
0.520297348
0.520253721
0.520210177
0.520166715
0.520123336
0.520080039
0.520036824
0.519993692
0.519950641
0.519907673
0.519864786
0.51982198
0.519779257
0.519736614
0.519694053
0.519651573
0.519609174
0.519566855
0.519524618
0.519482461
0.519440384
0.519398388
0.519356471
0.519314635
0.519272879
0.519231202
0.519189605
0.519148087
0.519106649
0.519065289
0.519024009
0.518982807
0.518941684
0.51890064
0.518859674
0.518818786
0.518777977
0.518737245
0.518696591
0.518656015
0.518615516
0.518575095
0.518534751
0.518494484
0.518454294
0.518414181
0.518374144
0.518334184
0.518294301
0.518254493
0.518214762
0.518175106
0.518135527
0.518096023
0.518056595
0.51801698
0.517977369
0.517937833
0.517898373
0.517858988
0.517819678
0.517780443
0.517741283
0.517702197
0.517663186
0.51762425
0.517585387
0.51754636
0.51750729
0.517468294
0.517429372
0.517390524
0.51735175
0.51731305
0.517274423
0.51723587
0.51719739
0.517158983
0.51712065
0.517082389
0.517044202
0.517006255
0.516968719
0.516931275
0.516893921
0.516856654
0.516819472
0.516782375
0.51674536
0.516708427
0.516671573
0.516634798
0.516598101
0.516561481
0.516524937
0.516488467
0.516452072
0.516415751
0.516379503
0.516343328
0.516307224
0.516271193
0.516235232
0.516199342
0.516163522
0.516127827
0.516092338
0.516056917
0.516021566
0.515986283
0.515951068
0.515915921
0.515880842
0.51584583
0.515810886
0.515776009
0.515741198
0.515706455
0.515671825
0.515637683
0.515603625
0.515569648
0.515535751
0.515501932
0.515468189
0.515434522
0.515400929
0.515367408
0.515333958
0.51530058
0.515267271
0.515234031
0.51520086
0.515167756
0.515134719
0.515101749
0.515068845
0.515036006
0.515003232
0.514970523
0.514937878
0.514905297
0.514872779
0.514840325
0.514807933
0.514775605
0.514743339
0.514711135
0.514678993
0.514646913
0.514614894
0.514582937
0.514551041
0.514519206
0.514487432
0.514455718
0.514424065
0.514392473
0.51436094
0.514329468
0.514298055
0.514266703
0.51423541
0.514204176
0.514173002
0.514141887
0.514110831
0.514079835
0.514048897
0.514018018
0.513987197
0.513956435
0.513925731
0.513895086
0.513864499
0.51383397
0.513803498
0.513773085
0.513742729
0.513712431
0.513682191
0.513652148
0.513622443
0.513592809
0.513563246
0.513533751
0.513504324
0.513474962
0.513445665
0.513416432
0.513387262
0.513358153
0.513329106
0.513300119
0.513271192
0.513242324
0.513213514
0.513184763
0.513156069
0.513127432
0.513098852
0.513070329
0.513041861
0.513013449
0.512985093
0.512956792
0.512928545
0.512900354
0.512872216
0.512844133
0.512816104
0.512788129
0.512760207
0.512732339
0.512704524
0.512676763
0.512649054
0.512621398
0.512593795
0.512566244
0.512538746
0.5125113
0.512483907
0.512456565
0.512429211
0.51240169
0.512374221
0.512346803
0.512319438
0.512292124
0.512264862
0.512237652
0.512210492
0.512183514
0.512156842
0.512130235
0.512103691
0.512077209
0.512050788
0.512024426
0.511998123
0.511971877
0.511945687
0.511919553
0.511893474
0.511867449
0.511841477
0.511815559
0.511789693
0.511763879
0.511738117
0.511712406
0.511686746
0.511661137
0.511635577
0.511610068
0.511584608
0.511559197
0.511533836
0.511508523
0.51148326
0.511458044
0.511432877
0.511407759
0.511382688
0.511357665
0.511332689
0.511307762
0.511282881
0.511258048
0.511233262
0.511208523
0.511183831
0.511159185
0.511134586
0.511110034
0.511085528
0.511061069
0.511036655
0.511012288
0.510987967
0.510963692
0.510939444
0.510915196
0.510890992
0.510866833
0.510842718
0.510818648
0.510794623
0.510770642
0.510746706
0.510722814
0.510698967
0.510675165
0.510651407
0.510627693
0.510604024
0.510580399
0.510556819
0.510533282
0.51050979
0.510486342
0.510462937
0.510439577
0.510416261
0.510392988
0.510369441
0.510345831
0.510322259
0.510298725
0.51027523
0.510251774
0.510228357
0.51020498
0.510181644
0.510158347
0.510135091
0.510111876
0.510088702
0.510065569
0.510042477
0.510019427
0.509996417
0.509973449
0.509950523
0.509927638
0.509904794
0.509881992
0.509859232
0.509836513
0.509813835
0.509791199
0.509768605
0.509746052
0.50972354
0.50970107
0.509678641
0.509656253
0.509633907
0.509611602
0.509589338
0.509567115
0.509544933
0.509522792
0.509500692
0.509478633
0.509456615
0.509434637
0.5094127
0.509390804
0.509368948
0.509347132
0.509325357
0.509303623
0.509281928
0.509260274
0.50923866
0.509217086
0.509195552
0.509174057
0.509152603
0.509131189
0.509109814
0.509088478
0.509067183
0.509045926
0.50902471
0.509003532
0.508982394
0.508961295
0.508940235
0.508919214
0.508898232
0.508877289
0.508856385
0.50883552
0.508814693
0.508793905
0.508773156
0.508752445
0.508731773
0.508711138
0.508690543
0.508669985
0.508649465
0.508628984
0.50860854
0.508588135
0.508567767
0.508547437
0.508527145
0.508506891
0.508486674
0.508466639
0.508446797
0.508427003
0.508407255
0.508387554
0.508367897
0.508348283
0.508328713
0.508309185
0.508289698
0.508270252
0.508250847
0.508231481
0.508212155
0.508192868
0.508173731
0.508154665
0.508135637
0.508116645
0.508097691
0.508078773
0.508059892
0.508041047
0.508022239
0.508003466
0.507984729
0.507966027
0.507947361
0.50792873
0.507910134
0.507891573
0.507873047
0.507854556
0.507836099
0.507817677
0.507799289
0.507781079
0.507763004
0.507744972
0.507726983
0.507709034
0.507691126
0.507673257
0.507655426
0.507637634
0.507619879
0.507602161
0.50758448
0.507566834
0.507549225
0.50753165
0.507514111
0.507496605
0.507479135
0.507461698
0.507444163
0.507425946
0.507407729
0.507389514
0.507371304
0.507353102
0.507334911
0.507316733
0.50729857
0.507280423
0.507262295
0.507244186
0.507226098
0.507208032
0.507189989
0.50717197
0.507153977
0.507136009
0.507118067
0.507100152
0.507082264
0.507064404
0.507046573
0.50702877
0.507010996
0.506993251
0.506975536
0.50695785
0.506940195
0.506922569
0.506904974
0.506887409
0.506869874
0.50685237
0.506834897
0.506817454
0.506800042
0.50678266
0.50676531
0.50674799
0.506730701
0.506713443
0.506696216
0.506679019
0.506661854
0.506644719
0.506627615
0.506610542
0.506593499
0.506576487
0.506559506
0.506542555
0.506525635
0.506508746
0.506491887
0.506475059
0.506458261
0.506441493
0.506424756
0.506408049
0.506391373
0.506374726
0.50635811
0.506341524
0.506324968
0.506308442
0.506291946
0.506275479
0.506259043
0.506242637
0.50622626
0.506209913
0.506193596
0.506177308
0.50616105
0.506144821
0.506128622
0.506112452
0.506096312
0.506080201
0.506064119
0.506048066
0.506032043
0.506016048
0.506000083
0.505984147
0.505968239
0.505952361
0.505936511
0.50592069
0.505904898
0.505889134
0.505873399
0.505857693
0.505842015
0.505826366
0.505810745
0.505795152
0.505779588
0.505764052
0.505748545
0.505733065
0.505717614
0.50570219
0.505686795
0.505671427
0.505656088
0.505640776
0.505625493
0.505610236
0.505595008
0.505579807
0.505564634
0.505549489
0.505534371
0.50551928
0.505504217
0.505489181
0.505474173
0.505459192
0.505444238
0.505429311
0.505414411
0.505399539
0.505384693
0.505369874
0.505355083
0.505340318
0.50532558
0.505310869
0.505296184
0.505281526
0.505266895
0.50525229
0.505237712
0.505223161
0.505208635
0.505194137
0.505179664
0.505165218
0.505150798
0.505136404
0.505122037
0.505107695
0.50509338
0.50507909
0.505064827
0.505050589
0.505036377
0.505022192
0.505008031
0.504993897
0.504979788
0.504965705
0.504951648
0.504937616
0.504923609
0.504909628
0.504895673
0.504881742
0.504867837
0.504853958
0.504840103
0.504826274
0.50481247
0.50479869
0.504784936
0.504771207
0.504757503
0.504743824
0.504730169
0.50471654
0.504702935
0.504689355
0.504675799
0.504662268
0.504648762
0.50463528
0.504621823
0.50460839
0.504594982
0.504581598
0.504568238
0.504554903
0.504541591
0.504528304
0.504515041
0.504501803
0.504488588
0.504475397
0.50446223
0.504449087
0.504435968
0.504422873
0.504409802
0.504396754
0.50438373
0.50437073
0.504357753
0.5043448
0.50433187
0.504318964
0.504306082
0.504293222
0.504280387
0.504267574
0.504254785
0.504242019
0.504229276
0.504216556
0.504203859
0.504191186
0.504178535
0.504165908
0.504153303
0.504140721
0.504128162
0.504115626
0.504103113
0.504090622
0.504078154
0.504065709
0.504053287
0.504040886
0.504028509
0.504016154
0.504003821
0.503991511
0.503979223
0.503966957
0.503954714
0.503942493
0.503930294
0.503918118
0.503905963
0.50389383
0.50388172
0.503869631
0.503857565
0.50384552
0.503833498
0.50382167
0.503809911
0.503798182
0.50378648
0.503774807
0.50376316
0.50375154
0.503739945
0.503728376
0.503716831
0.503705311
0.503693815
0.503682342
0.503670893
0.503659467
0.503648063
0.503636682
0.503625323
0.503613987
0.503602672
0.503591379
0.503580107
0.503568857
0.503557628
0.50354642
0.503535233
0.503524067
0.503512922
0.503501798
0.503490694
0.503479611
0.503468491
0.50345729
0.50344611
0.50343495
0.50342381
0.503412691
0.503401591
0.503390513
0.503379454
0.503368415
0.503357397
0.503346398
0.503335419
0.503324461
0.503313522
0.503302603
0.503291703
0.503280824
0.503269964
0.503259123
0.503248302
0.503237501
0.50322672
0.503215957
0.503205214
0.503194491
0.503183787
0.503173102
0.503162437
0.503151791
0.503141164
0.503130556
0.503119967
0.503109397
0.503098847
0.503088315
0.503077803
0.503067309
0.503056835
0.503046379
0.503035942
0.503025524
0.503015124
0.503004744
0.502994382
0.502984039
0.502973714
0.502963408
0.502953121
0.502942852
0.502932602
0.50292237
0.502912156
0.502901961
0.502891784
0.502881626
0.502871486
0.502861364
0.502851261
0.502841175
0.502831108
0.502821059
0.502811028
0.502801015
0.502791021
0.502781044
0.502771085
0.502761144
0.502751221
0.502741316
0.502731429
0.502721559
0.502711707
0.502701873
0.502692057
0.502682259
0.502672478
0.502662714
0.502652969
0.50264324
0.50263353
0.502623836
0.502614161
0.502604502
0.502594861
0.502585238
0.502575632
0.502566043
0.502556471
0.502546917
0.502537379
0.502527859
0.502518356
0.50250887
0.502499402
0.50248995
0.502480515
0.502471097
0.502461697
0.502452313
0.502442946
0.502433596
0.502424262
0.502414946
0.502405646
0.502396535
0.502387449
0.502378387
0.502369347
0.502360329
0.502351332
0.502342356
0.5023334
0.502324465
0.502315548
0.502306651
0.502297772
0.502288912
0.502280069
0.502271245
0.502262438
0.502253649
0.502244877
0.502236122
0.502227384
0.502218663
0.502209958
0.50220127
0.502192598
0.502183942
0.502175303
0.502166679
0.502158072
0.50214948
0.502140904
0.502132345
0.5021238
0.502115272
0.502106759
0.502098261
0.502089779
0.502081312
0.502072861
0.502064425
0.502056004
0.502047599
0.502039209
0.502030834
0.502022474
0.502014129
0.502005799
0.501997484
0.501989184
0.501980899
0.501972629
0.501964374
0.501956134
0.501947908
0.501939698
0.501931502
0.501923321
0.501915154
0.501907002
0.501898865
0.501890743
0.501882635
0.501874541
0.501866462
0.501858398
0.501850348
0.501842312
0.501834291
0.501826284
0.501818292
0.501810314
0.50180235
0.501794401
0.501786466
0.501778545
0.501770638
0.501762745
0.501754867
0.501747003
0.501739152
0.501731316
0.501723494
0.501715686
0.501707892
0.501700112
0.501692346
0.501684593
0.501676855
0.50166913
0.50166142
0.501653723
0.50164604
0.501638371
0.501630715
0.501623073
0.501615445
0.50160783
0.50160023
0.501592642
0.501585069
0.501577509
0.501569962
0.501562429
0.501554909
0.501547403
0.501539911
0.501532431
0.501524966
0.501517513
0.501510074
0.501502648
0.501495236
0.501487836
0.50148045
0.501473077
0.501465718
0.501458371
0.501451038
0.501443718
0.501436411
0.501429117
0.501421836
0.501414568
0.501407313
0.501400071
0.501392842
0.501385626
0.501378423
0.501371233
0.501364056
0.501356891
0.501349739
0.5013426
0.501335474
0.501328361
0.50132126
0.501314172
0.501307097
0.501300034
0.501292984
0.501285947
0.501278922
0.50127191
0.50126491
0.501257923
0.501250948
0.501243986
0.501237036
0.501230098
0.501223173
0.501216261
0.50120936
0.501202472
0.501195597
0.501188733
0.501181882
0.501175044
0.501168217
0.501161402
0.5011546
0.50114781
0.501141032
0.501134266
0.501127513
0.501120771
0.501114041
0.501107323
0.501100618
0.501093924
0.501087242
0.501080573
0.501073915
0.501067269
0.501060635
0.501054012
0.501047402
0.501040803
0.501034216
0.501027641
0.501021078
0.501014526
0.501007986
0.501001458
0.500994941
0.500988436
0.500981943
0.500975461
0.500968991
0.500962532
0.500956085
0.500949739
0.500943461
0.5009372
0.500930955
0.500924725
0.500918511
0.500912311
0.500906125
0.500899953
0.500893794
0.500887649
0.500881517
0.500875397
0.50086929
0.500863196
0.500857113
0.500851043
0.500844985
0.500838938
0.500832904
0.50082688
0.500820869
0.500814868
0.500808879
0.500802901
0.500796934
0.500790978
0.500785033
0.500779099
0.500773176
0.500767264
0.500761363
0.500755472
0.500749592
0.500743723
0.500737864
0.500732016
0.500726178
0.500720351
0.500714534
0.500708728
0.500702932
0.500697147
0.500691372
0.500685607
0.500679853
0.500674109
0.500668375
0.500662652
0.500656938
0.500651235
0.500645542
0.50063986
0.500634187
0.500628524
0.500622872
0.50061723
0.500611597
0.500605975
0.500600363
0.500594761
0.500589168
0.500583586
0.500578013
0.500572451
0.500566898
0.500561356
0.500555823
0.5005503
0.500544786
0.500539283
0.500533789
0.500528306
0.500522831
0.500517367
0.500511912
0.500506467
0.500501032
0.500495606
0.50049019
0.500484784
0.500479387
0.500474
0.500468622
0.500463254
0.500457896
0.500452547
0.500447207
0.500441877
0.500436556
0.500431245
0.500425944
0.500420651
0.500415368
0.500410095
0.500404831
0.500399576
0.50039433
0.500389094
0.500383867
0.50037865
0.500373441
0.500368242
0.500363052
0.500357871
0.5003527
0.500347537
0.500342384
0.50033724
0.500332105
0.500326979
0.500321863
0.500316755
0.500311656
0.500306567
0.500301486
0.500296414
0.500291352
0.500286298
0.500281254
0.500276218
0.500271191
0.500266173
0.500261164
0.500256164
0.500251173
0.50024619
0.500241217
0.500236252
0.500231296
0.500226349
0.50022141
0.50021648
0.500211559
0.500206647
0.500201744
0.500196849
0.500191962
0.500187085
0.500182216
0.500177355
0.500172504
0.500167661
0.500162927
0.500158213
0.500153513
0.500148825
0.500144148
0.500139484
0.50013483
0.500130187
0.500125555
0.500120933
0.500116322
0.50011172
0.500107128
0.500102545
0.500097972
0.500093408
0.500088853
0.500084307
0.50007977
0.500075242
0.500070722
0.500066211
0.500061709
0.500057214
0.500052729
0.500048251
0.500043782
0.500039321
0.500034868
0.500030424
0.500025987
0.500021559
0.500017138
0.500012726
0.500008321
0.500003924
0.499999536
0.499995155
0.499990781
0.499986416
0.499982059
0.499977709
0.499973367
0.499969033
0.499964706
0.499960387
0.499956076
0.499951772
0.499947476
0.499943188
0.499938907
0.499934634
0.499930368
0.49992611
0.499921859
0.499917616
0.499913381
0.499909153
0.499904932
0.499900719
0.499896513
0.499892315
0.499888124
0.49988394
0.499879764
0.499875595
0.499871434
0.499867279
0.499863133
0.499858993
0.499854861
0.499850736
0.499846618
0.499842508
0.499838405
0.499834309
0.49983022
0.499826138
0.499822064
0.499817997
0.499813937
0.499809884
0.499805838
0.499801799
0.499797768
0.499793743
0.499789726
0.499785715
0.499781712
0.499777716
0.499773727
0.499769744
0.499765769
0.499761801
0.49975784
0.499753885
0.499749938
0.499745998
0.499742064
0.499738137
0.499734218
0.499730305
0.499726399
0.4997225
0.499718608
0.499714722
0.499710844
0.499706972
0.499703107
0.499699249
0.499695397
0.499691553
0.499687715
0.499683883
0.499680059
0.499676241
0.49967243
0.499668626
0.499664828
0.499661037
0.499657253
0.499653475
0.499649704
0.499645939
0.499642181
0.49963843
0.499634685
0.499630947
0.499627215
0.49962349
0.499619771
0.499616059
0.499612354
0.499608654
0.499604962
0.499601276
0.499597596
0.499593923
0.499590256
0.499586595
0.499582941
0.499579294
0.499575652
0.499572018
0.499568389
0.499564767
0.499561151
0.499557541
0.499553922
0.499550305
0.499546693
0.499543087
0.499539487
0.499535892
0.499532304
0.499528721
0.499525144
0.499521574
0.499518009
0.49951445
0.499510897
0.49950735
0.499503809
0.499500274
0.499496746
0.499493223
0.499489706
0.499486195
0.49948269
0.499479192
0.499475699
0.499472212
0.499468731
0.499465257
0.499461788
0.499458325
0.499454868
0.499451418
0.499447973
0.499444534
0.499441101
0.499437674
0.499434253
0.499430838
0.499427429
0.499424026
0.499420628
0.499417237
0.499413851
0.499410472
0.499407098
0.49940373
0.499400368
0.499397011
0.499393661
0.499390316
0.499386977
0.499383644
0.499380317
0.499376996
0.49937368
0.49937037
0.499367065
0.499363767
0.499360474
0.499357187
0.499353907
0.499350633
0.499347365
0.499344103
0.499340846
0.499337595
0.499334349
0.499331109
0.499327875
0.499324646
0.499321423
0.499318206
0.499314994
0.499311787
0.499308587
0.499305391
0.499302202
0.499299017
0.499295839
0.499292665
0.499289498
0.499286335
0.499283179
0.499280027
0.499276881
0.499273741
0.499270606
0.499267476
0.499264352
0.499261233
0.49925812
0.499255012
0.499251909
0.499248812
0.49924572
0.499242634
0.499239552
0.499236477
0.499233406
0.499230341
0.499227281
0.499224226
0.499221176
0.499218132
0.499215093
0.49921206
0.499209031
0.499206008
0.49920299
0.499199977
0.499196969
0.499193967
0.49919097
0.499187977
0.499184991
0.499182009
0.499179032
0.499176061
0.499173094
0.499170133
0.499167177
0.499164225
0.499161279
0.499158338
0.499155403
0.499152472
0.499149546
0.499146625
0.499143709
0.499140799
0.499137893
0.499134992
0.499132096
0.499129206
0.49912632
0.499123439
0.499120563
0.499117692
0.499114826
0.499111965
0.499109109
0.499106257
0.499103411
0.49910057
0.499097733
0.499094901
0.499092074
0.499089252
0.499086435
0.499083623
0.499080815
0.499078012
0.499075214
0.499072421
0.499069633
0.499066849
0.499064071
0.499061297
0.499058527
0.499055763
0.499053003
0.499050248
0.499047498
0.499044752
0.499042011
0.499039275
0.499036543
0.499033816
0.499031094
0.499028376
0.499025664
0.499022955
0.499020252
0.499017553
0.499014858
0.499012168
0.499009483
0.499006802
0.499004126
0.499001455
0.498998788
0.498996126
0.498993468
0.498990815
0.498988166
0.498985522
0.498982882
0.498980247
0.498977616
0.49897499
0.498972368
0.498969751
0.498967138
0.498964529
0.498961926
0.498959326
0.498956731
0.49895414
0.498951554
0.498948972
0.498946395
0.498943822
0.498941253
0.498938689
0.498936129
0.498933573
0.498931022
0.498928475
0.498925933
0.498923395
0.498920861
0.498918331
0.498915806
0.498913285
0.498910768
0.498908256
0.498905748
0.498903244
0.498900744
0.498898249
0.498895757
0.49889327
0.498890788
0.498888309
0.498885835
0.498883365
0.498880899
0.498878437
0.498875979
0.498873526
0.498871077
0.498868632
0.498866191
0.498863754
0.498861321
0.498858893
0.498856468
0.498854048
0.498851632
0.498849219
0.498846811
0.498844407
0.498842007
0.498839611
0.49883722
0.498834832
0.498832448
0.498830068
0.498827693
0.498825321
0.498822953
0.49882059
0.49881823
0.498815874
0.498813522
0.498811175
0.498808831
0.498806491
0.498804155
0.498801823
0.498799495
0.498797171
0.498794851
0.498792534
0.498790222
0.498787914
0.498785609
0.498783308
0.498781012
0.498778719
0.498776429
0.498774144
0.498771863
0.498769585
0.498767312
0.498765042
0.498762776
0.498760513
0.498758255
0.498756
0.498753749
0.498751502
0.498749259
0.498747019
0.498744783
0.498742551
0.498740323
0.498738098
0.498735878
0.498733661
0.498731447
0.498729238
0.498727032
0.498724829
0.498722631
0.498720436
0.498718245
0.498716057
0.498713873
0.498711693
0.498709516
0.498707343
0.498705174
0.498703009
0.498700847
0.498698688
0.498696533
0.498694382
0.498692234
0.49869009
0.49868795
0.498685813
0.49868368
0.49868155
0.498679424
0.498677301
0.498675182
0.498673067
0.498670955
0.498668846
0.498666741
0.49866464
0.498662542
0.498660448
0.498658357
0.498656269
0.498654185
0.498652105
0.498650028
0.498647954
0.498645884
0.498643817
0.498641754
0.498639694
0.498637638
0.498635585
0.498633535
0.498631489
0.498629446
0.498627407
0.498625371
0.498623338
0.498621309
0.498619283
0.498617261
0.498615242
0.498613226
0.498611213
0.498609204
0.498607199
0.498605196
0.498603197
0.498601201
0.498599209
0.49859722
0.498595234
0.498593251
0.498591272
0.498589296
0.498587323
0.498585353
0.498583387
0.498581424
0.498579464
0.498577508
0.498575555
0.498573605
0.498571658
0.498569714
0.498567774
0.498565837
0.498563903
0.498561972
0.498560044
0.49855812
0.498556199
0.49855428
0.498552366
0.498550454
0.498548545
0.49854664
0.498544737
0.498542838
0.498540942
0.498539049
0.498537159
0.498535273
0.498533389
0.498531508
0.498529631
0.498527757
0.498525885
0.498524017
0.498522152
0.49852029
0.498518431
0.498516575
0.498514722
0.498512872
0.498511026
0.498509182
0.498507341
0.498505503
0.498503669
0.498501837
0.498500008
0.498498183
0.49849636
0.49849454
0.498492723
0.49849091
0.498489099
0.498487291
0.498485378
0.498483343
0.498481298
0.498479244
0.498477183
0.498475114
0.49847304
0.498470962
0.498468879
0.498466793
0.498464705
0.498462614
0.498460523
0.49845843
0.498456337
0.498454244
0.498452151
0.498450058
0.498447967
0.498445876
0.498443787
0.498441699
0.498439613
0.498437529
0.498435446
0.498433366
0.498431288
0.498429212
0.498427139
0.498425068
0.498423
0.498420935
0.498418872
0.498416812
0.498414755
0.4984127
0.498410649
0.4984086
0.498406555
0.498404512
0.498402472
0.498400436
0.498398402
0.498396372
0.498394344
0.49839232
0.498390298
0.49838828
0.498386265
0.498384253
0.498382244
0.498380238
0.498378235
0.498376236
0.498374239
0.498372246
0.498370255
0.498368268
0.498366284
0.498364303
0.498362325
0.49836035
0.498358379
0.49835641
0.498354445
0.498352482
0.498350523
0.498348567
0.498346613
0.498344663
0.498342716
0.498340772
0.498338831
0.498336893
0.498334958
0.498333027
0.498331098
0.498329172
0.498327249
0.49832533
0.498323413
0.498321499
0.498319589
0.498317681
0.49831584
0.498314008
0.498312183
0.498310363
0.498308548
0.498306738
0.498304934
0.498303133
0.498301337
0.498299546
0.498297758
0.498295975
0.498294195
0.498292419
0.498290646
0.498288877
0.498287112
0.49828535
0.498283591
0.498281836
0.498280083
0.498278334
0.498276588
0.498274845
0.498273105
0.498271368
0.498269634
0.498267903
0.498266175
0.498264449
0.498262727
0.498261007
0.49825929
0.498257576
0.498255865
0.498254156
0.49825245
0.498250747
0.498249047
0.498247349
0.498245654
0.498243962
0.498242272
0.498240585
0.498238901
0.49823722
0.498235541
0.498233864
0.498232191
0.498230519
0.498228851
0.498227185
0.498225522
0.498223861
0.498222203
0.498220548
0.498218895
0.498217244
0.498215597
0.498213951
0.498212309
0.498210669
0.498209031
0.498207396
0.498205764
0.498204134
0.498202506
0.498200881
0.498199259
0.498197639
0.498196021
0.498194407
0.498192794
0.498191184
0.498189577
0.498187972
0.498186369
0.49818477
0.498183172
0.498181577
0.498179984
0.498178394
0.498176806
0.498175221
0.498173638
0.498172058
0.49817048
0.498168905
0.498167332
0.498165761
0.498164193
0.498162627
0.498161063
0.498159502
0.498157944
0.498156387
0.498154833
0.498153282
0.498151733
0.498150186
0.498148642
0.4981471
0.49814556
0.498144023
0.498142488
0.498140955
0.498139425
0.498137897
0.498136372
0.498134848
0.498133327
0.498131809
0.498130293
0.498128779
0.498127267
0.498125758
0.498124251
0.498122746
0.498121244
0.498119743
0.498118246
0.49811675
0.498115257
0.498113766
0.498112277
0.49811079
0.498109306
0.498107824
0.498106344
0.498104867
0.498103392
0.498101919
0.498100448
0.498098979
0.498097513
0.498096049
0.498094587
0.498093128
0.49809167
0.498090215
0.498088762
0.498087311
0.498085862
0.498084416
0.498082972
0.49808153
0.49808009
0.498078652
0.498077217
0.498075783
0.498074352
0.498072923
0.498071496
0.498070071
0.498068649
0.498067228
0.49806581
0.498064394
0.49806298
0.498061568
0.498060158
0.49805875
0.498057345
0.498055942
0.49805454
0.498053141
0.498051744
0.498050349
0.498048956
0.498047565
0.498046176
0.49804479
0.498043405
0.498042023
0.498040642
0.498039264
0.498037888
0.498036513
0.498035141
0.498033771
0.498032403
0.498031037
0.498029673
0.498028311
0.498026951
0.498025593
0.498024237
0.498022883
0.498021532
0.498020182
0.498018834
0.498017488
0.498016144
0.498014803
0.498013463
0.498012125
0.498010789
0.498009455
0.498008124
0.498006794
0.498005466
0.49800414
0.498002816
0.498001494
0.498000174
0.497998856
0.49799754
0.497996226
0.497994914
0.497993603
0.497992295
0.497990989
0.497989684
0.497988382
0.497987081
0.497985783
0.497984486
0.497983191
0.497981898
0.497980607
0.497979318
0.497978031
0.497976745
0.497975462
0.49797418
0.497972901
0.497971623
0.497970347
0.497969073
0.497967801
0.497966531
0.497965263
0.497963996
0.497962731
0.497961469
0.497960208
0.497958949
0.497957691
0.497956436
0.497955182
0.497953931
0.497952681
0.497951433
0.497950187
0.497948942
0.4979477
0.497946459
0.49794522
0.497943983
0.497942747
0.497941514
0.497940282
0.497939052
0.497937824
0.497936598
0.497935373
0.49793415
0.497932929
0.49793171
0.497930493
0.497929277
0.497928063
0.497926851
0.497925641
0.497924432
0.497923225
0.49792202
0.497920817
0.497919615
0.497918415
0.497917217
0.497916021
0.497914826
0.497913633
0.497912442
0.497911252
0.497910065
0.497908879
0.497907694
0.497906512
0.497905331
0.497904152
0.497902974
0.497901798
0.497900624
0.497899452
0.497898281
0.497897112
0.497895945
0.497894779
0.497893615
0.497892453
0.497891292
0.497890133
0.497888976
0.49788782
0.497886666
0.497885514
0.497884363
0.497883214
0.497882067
0.497880921
0.497879777
0.497878634
0.497877494
0.497876354
0.497875217
0.497874081
0.497872947
0.497871814
0.497870683
0.497869553
0.497868425
0.497867299
0.497866175
0.497865052
0.49786393
0.49786281
0.497861692
0.497860575
0.49785946
0.497858347
0.497857235
0.497856125
0.497855016
0.497853909
0.497852803
0.497851699
0.497850597
0.497849496
0.497848396
0.497847299
0.497846202
0.497845108
0.497844015
0.497842923
0.497841833
0.497840745
0.497839658
0.497838572
0.497837488
0.497836406
0.497835325
0.497834246
0.497833168
0.497832092
0.497831017
0.497829944
0.497828872
0.497827802
0.497826733
0.497825666
0.4978246
0.497823536
0.497822473
0.497821412
0.497820352
0.497819294
0.497818237
0.497817182
0.497816128
0.497815075
0.497814024
0.497812975
0.497811927
0.497810881
0.497809836
0.497808792
0.49780775
0.497806709
0.49780567
0.497804632
0.497803596
0.497802561
0.497801527
0.497800495
0.497799465
0.497798436
0.497797408
0.497796382
0.497795357
0.497794333
0.497793311
0.497792291
0.497791272
0.497790254
0.497789261
0.497788297
0.497787337
0.497786379
0.497785425
0.497784474
0.497783525
0.497782578
0.497781634
0.497780693
0.497779753
0.497778816
0.49777788
0.497776947
0.497776015
0.497775085
0.497774157
0.49777323
0.497772305
0.497771382
0.497770461
0.497769541
0.497768622
0.497767705
0.497766789
0.497765875
0.497764962
0.497764051
0.497763141
0.497762232
0.497761325
0.497760419
0.497759514
0.497758611
0.497757709
0.497756808
0.497755909
0.497755011
0.497754114
0.497753218
0.497752324
0.497751431
0.497750539
0.497749648
0.497748759
0.49774787
0.497746984
0.497746098
0.497745213
0.49774433
0.497743448
0.497742567
0.497741687
0.497740809
0.497739932
0.497739056
0.497738181
0.497737307
0.497736435
0.497735563
0.497734704
0.497733853
0.497733003
0.497732155
0.497731307
0.497730461
0.497729616
0.497728772
0.497727929
0.497727087
0.497726247
0.497725407
0.497724569
0.497723732
0.497722896
0.497722061
0.497721227
0.497720394
0.497719563
0.497718732
0.497717903
0.497717075
0.497716248
0.497715422
0.497714597
0.497713773
0.497712951
0.497712129
0.497711309
0.497710489
0.497709671
0.497708854
0.497708038
0.497707223
0.497706409
0.497705597
0.497704785
0.497703974
0.497703165
0.497702356
0.497701549
0.497700743
0.497699938
0.497699134
0.497698331
0.497697529
0.497696728
0.497695928
0.497695129
0.497694331
0.497693535
0.497692739
0.497691945
0.497691151
0.497690359
0.497689567
0.497688777
0.497687988
0.497687199
0.497686412
0.497685626
0.497684841
0.497684057
0.497683274
0.497682492
0.497681711
0.497680931
0.497680152
0.497679374
0.497678597
0.497677821
0.497677046
0.497676273
0.4976755
0.497674728
0.497673957
0.497673187
0.497672419
0.497671651
0.497670884
0.497670118
0.497669354
0.49766859
0.497667827
0.497667065
0.497666304
0.497665545
0.497664786
0.497664028
0.497663271
0.497662515
0.497661761
0.497661007
0.497660254
0.497659502
0.497658751
0.497658001
0.497657252
0.497656504
0.497655757
0.497655011
0.497654266
0.497653522
0.497652778
0.497652038
0.497651313
0.497650588
0.497649864
0.497649141
0.49764842
0.497647699
0.497646979
0.49764626
0.497645541
0.497644824
0.497644108
0.497643393
0.497642678
0.497641965
0.497641252
0.49764054
0.49763983
0.49763912
0.497638411
0.497637703
0.497636996
0.497636289
0.497635584
0.49763488
0.497634176
0.497633474
0.497632772
0.497632071
0.497631371
0.497630672
0.497629974
0.497629277
0.497628581
0.497627885
0.497627191
0.497626497
0.497625804
0.497625112
0.497624421
0.497623731
0.497623042
0.497622354
0.497621666
0.497620979
0.497620294
0.497619609
0.497618925
0.497618242
0.497617559
0.497616878
0.497616197
0.497615518
0.497614839
0.497614161
0.497613484
0.497612807
0.497612132
0.497611457
0.497610784
0.497610111
0.497609439
0.497608767
0.497608097
0.497607428
0.497606759
0.497606091
0.497605424
0.497604758
0.497604093
0.497603428
0.497602764
0.497602102
0.49760144
0.497600778
0.497600118
0.497599458
0.4975988
0.497598142
0.497597485
0.497596828
0.497596173
0.497595518
0.497594864
0.497594211
0.497593559
0.497592908
0.497592257
0.497591607
0.497590958
0.49759031
0.497589663
0.497589016
0.49758837
0.497587725
0.497587081
0.497586438
0.497585795
0.497585153
0.497584512
0.497583872
0.497583233
0.497582594
0.497581956
0.497581319
0.497580682
0.497580047
0.497579412
0.497578778
0.497578145
0.497577512
0.497576881
0.49757625
0.49757562
0.49757499
0.497574362
0.497573734
0.497573107
0.49757248
0.497571855
0.49757123
0.497570606
0.497569982
0.49756936
0.497568738
0.497568117
0.497567497
0.497566877
0.497566258
0.49756564
0.497565023
0.497564406
0.497563791
0.497563175
0.497562561
0.497561947
0.497561335
0.497560722
0.497560111
0.4975595
0.49755889
0.497558281
0.497557673
0.497557065
0.497556458
0.497555851
0.497555246
0.497554641
0.497554037
0.497553433
0.497552831
0.497552229
0.497551627
0.497551027
0.497550427
0.497549828
0.497549229
0.497548632
0.497548035
0.497547438
0.497546843
0.497546248
0.497545653
0.49754506
0.497544467
0.497543875
0.497543284
0.497542693
0.497542103
0.497541513
0.497540925
0.497540337
0.49753975
0.497539163
0.497538577
0.497537992
0.497537407
0.497536824
0.49753624
0.497535658
0.497535076
0.497534495
0.497533914
0.497533335
0.497532756
0.497532177
0.497531599
0.497531022
0.497530446
0.49752987
0.497529295
0.497528721
0.497528147
0.497527574
0.497527001
0.497526429
0.497525858
0.497525288
0.497524718
0.497524149
0.49752358
0.497523013
0.497522445
0.497521879
0.497521313
0.497520748
0.497520183
0.497519619
0.497519056
0.497518493
0.497517931
0.49751737
0.497516809
0.497516249
0.497515689
0.497515131
0.497514572
0.497514015
0.497513458
0.497512902
0.497512346
0.497511791
0.497511237
0.497510683
0.49751013
0.497509577
0.497509025
0.497508474
0.497507923
0.497507373
0.497506824
0.497506275
0.497505727
0.497505179
0.497504632
0.497504086
0.49750354
0.497502995
0.49750245
0.497501906
0.497501363
0.49750082
0.497500278
0.497499737
0.497499196
0.497498656
0.497498116
0.497497577
0.497497038
0.497496501
0.497495963
0.497495427
0.49749489
0.497494355
0.49749382
0.497493286
0.497492752
0.497492219
0.497491686
0.497491154
0.497490623
0.497490092
0.497489562
0.497489032
0.497488503
0.497487975
0.497487447
0.497486919
0.497486393
0.497485866
0.497485341
0.497484816
0.497484291
0.497483767
0.497483244
0.497482721
0.497482199
0.497481678
0.497481157
0.497480636
0.497480116
0.497479597
0.497479078
0.49747856
0.497478042
0.497477525
0.497477008
0.497476492
0.497475977
0.497475462
0.497474948
0.497474434
0.497473921
0.497473408
0.497472896
0.497472384
0.497471873
0.497471363
0.497470853
0.497470344
0.497469835
0.497469326
0.497468819
0.497468311
0.497467805
0.497467299
0.497466793
0.497466288
0.497465783
0.497465279
0.497464776
0.497464273
0.497463771
0.497463269
0.497462767
0.497462266
0.497461766
0.497461266
0.497460767
0.497460268
0.49745977
0.497459273
0.497458775
0.497458279
0.497457783
0.497457287
0.497456792
0.497456298
0.497455804
0.49745531
0.497454817
0.497454325
0.497453833
0.497453346
0.497452869
0.497452393
0.497451916
0.497451441
0.497450966
0.497450491
0.497450017
0.497449543
0.49744907
0.497448597
0.497448125
0.497447654
0.497447182
0.497446712
0.497446241
0.497445772
0.497445302
0.497444834
0.497444365
0.497443898
0.49744343
0.497442963
0.497442497
0.497442031
0.497441566
0.497441101
0.497440636
0.497440172
0.497439709
0.497439246
0.497438783
0.497438321
0.497437859
0.497437398
0.497436938
0.497436477
0.497436018
0.497435558
0.497435099
0.497434641
0.497434183
0.497433726
0.497433269
0.497432812
0.497432356
0.4974319
0.497431445
0.497430991
0.497430536
0.497430083
0.497429629
0.497429176
0.497428724
0.497428272
0.49742782
0.497427369
0.497426919
0.497426468
0.497426019
0.497425569
0.497425121
0.497424672
0.497424224
0.497423777
0.49742333
0.497422883
0.497422437
0.497421991
0.497421546
0.497421101
0.497420657
0.497420213
0.497419769
0.497419326
0.497418883
0.497418441
0.497417999
0.497417558
0.497417117
0.497416676
0.497416236
0.497415796
0.497415357
0.497414918
0.49741448
0.497414042
0.497413604
0.497413167
0.497412731
0.497412294
0.497411859
0.497411423
0.497410988
0.497410553
0.497410119
0.497409686
0.497409252
0.497408819
0.497408387
0.497407955
0.497407523
0.497407092
0.497406661
0.49740623
0.4974058
0.497405371
0.497404941
0.497404513
0.497404084
0.497403656
0.497403229
0.497402801
0.497402375
0.497401948
0.497401522
0.497401097
0.497400672
0.497400247
0.497399822
0.497399398
0.497398975
0.497398552
0.497398129
0.497397707
0.497397285
0.497396863
0.497396442
0.497396021
0.497395601
0.497395181
0.497394761
0.497394342
0.497393923
0.497393504
0.497393086
0.497392669
0.497392251
0.497391834
0.497391418
0.497391002
0.497390586
0.49739017
0.497389755
0.497389341
0.497388927
0.497388513
0.497388099
0.497387686
0.497387273
0.497386861
0.497386449
0.497386038
0.497385626
0.497385215
0.497384805
0.497384395
0.497383985
0.497383576
0.497383167
0.497382758
0.49738235
0.497381942
0.497381535
0.497381127
0.497380721
0.497380314
0.497379908
0.497379503
0.497379097
0.497378708
0.497378328
0.497377949
0.49737757
0.497377192
0.497376814
0.497376436
0.497376059
0.497375682
0.497375305
0.497374929
0.497374553
0.497374178
0.497373803
0.497373428
0.497373053
0.497372679
0.497372305
0.497371932
0.497371559
0.497371186
0.497370814
0.497370441
0.49737007
0.497369698
0.497369327
0.497368956
0.497368585
0.497368215
0.497367845
0.497367475
0.497367106
0.497366737
0.497366368
0.497366
0.497365631
0.497365264
0.497364896
0.497364529
0.497364162
0.497363795
0.497363429
0.497363063
0.497362697
0.497362331
0.497361966
0.497361601
0.497361237
0.497360872
0.497360508
0.497360145
0.497359781
0.497359418
0.497359055
0.497358692
0.49735833
0.497357968
0.497357606
0.497357245
0.497356884
0.497356523
0.497356162
0.497355802
0.497355442
0.497355082
0.497354723
0.497354364
0.497354005
0.497353646
0.497353288
0.49735293
0.497352572
0.497352214
0.497351857
0.4973515
0.497351143
0.497350787
0.497350431
0.497350075
0.497349719
0.497349364
0.497349009
0.497348654
0.4973483
0.497347946
0.497347592
0.497347238
0.497346884
0.497346531
0.497346178
0.497345826
0.497345473
0.497345121
0.49734477
0.497344418
0.497344067
0.497343716
0.497343365
0.497343015
0.497342664
0.497342314
0.497341965
0.497341615
0.497341266
0.497340917
0.497340568
0.49734022
0.497339872
0.497339524
0.497339176
0.497338829
0.497338482
0.497338135
0.497337789
0.497337442
0.497337096
0.49733675
0.497336405
0.497336059
0.497335714
0.49733537
0.497335025
0.497334681
0.497334337
0.497333993
0.497333649
0.497333306
0.497332963
0.49733262
0.497332278
0.497331935
0.497331593
0.497331251
0.49733091
0.497330568
0.497330227
0.497329887
0.497329546
0.497329206
0.497328866
0.497328526
0.497328186
0.497327847
0.497327508
0.497327169
0.49732683
0.497326492
0.497326154
0.497325816
0.497325478
0.49732514
0.497324803
0.497324466
0.49732413
0.497323793
0.497323457
0.497323121
0.497322785
0.49732245
0.497322114
0.497321779
0.497321444
0.49732111
0.497320775
0.497320441
0.497320107
0.497319774
0.49731944
0.497319107
0.497318774
0.497318441
0.497318109
0.497317776
0.497317444
0.497317112
0.497316781
0.497316449
0.497316118
0.497315787
0.497315457
0.497315126
0.497314796
0.497314466
0.497314136
0.497313806
0.497313477
0.497313148
0.497312819
0.49731249
0.497312162
0.497311834
0.497311506
0.497311178
0.49731085
0.497310523
0.497310196
0.497309869
0.497309542
0.497309215
0.497308889
0.497308563
0.497308237
0.497307912
0.497307586
0.497307261
0.497306936
0.497306611
0.497306287
0.497305962
0.497305638
0.497305314
0.497304991
0.497304667
0.497304344
0.497304021
0.497303698
0.497303375
0.497303053
0.497302731
0.497302409
0.497302087
0.497301765
0.497301444
0.497301123
0.497300802
0.497300481
0.49730016
0.49729984
0.49729952
0.4972992
0.49729888
0.497298561
0.497298241
0.497297922
0.497297603
0.497297285
0.497296966
0.497296648
0.49729633
0.497296012
0.497295694
0.497295376
0.497295059
0.497294742
0.497294425
0.497294108
0.497293792
0.497293476
0.497293159
0.497292864
0.497292573
0.497292283
0.497291992
0.497291702
0.497291412
0.497291123
0.497290833
0.497290544
0.497290255
0.497289966
0.497289678
0.497289389
0.497289101
0.497288813
0.497288525
0.497288238
0.49728795
0.497287663
0.497287376
0.497287089
0.497286802
0.497286515
0.497286229
0.497285943
0.497285657
0.497285371
0.497285085
0.497284799
0.497284514
0.497284228
0.497283943
0.497283658
0.497283374
0.497283089
0.497282804
0.49728252
0.497282236
0.497281952
0.497281668
0.497281384
0.497281101
0.497280817
0.497280534
0.497280251
0.497279968
0.497279685
0.497279402
0.49727912
0.497278838
0.497278555
0.497278273
0.497277992
0.49727771
0.497277428
0.497277147
0.497276865
0.497276584
0.497276303
0.497276022
0.497275742
0.497275461
0.497275181
0.4972749
0.49727462
0.49727434
0.497274061
0.497273781
0.497273501
0.497273222
0.497272943
0.497272664
0.497272385
0.497272106
0.497271827
0.497271549
0.49727127
0.497270992
0.497270714
0.497270436
0.497270158
0.49726988
0.497269603
0.497269325
0.497269048
0.497268771
0.497268494
0.497268217
0.497267941
0.497267664
0.497267388
0.497267111
0.497266835
0.497266559
0.497266283
0.497266008
0.497265732
0.497265457
0.497265181
0.497264906
0.497264631
0.497264356
0.497264081
0.497263807
0.497263532
0.497263258
0.497262984
0.497262709
0.497262436
0.497262162
0.497261888
0.497261614
0.497261341
0.497261068
0.497260795
0.497260521
0.497260249
0.497259976
0.497259703
0.497259431
0.497259158
0.497258886
0.497258614
0.497258342
0.49725807
0.497257798
0.497257527
0.497257255
0.497256984
0.497256713
0.497256442
0.497256171
0.4972559
0.497255629
0.497255359
0.497255088
0.497254818
0.497254548
0.497254277
0.497254008
0.497253738
0.497253468
0.497253198
0.497252929
0.49725266
0.497252391
0.497252121
0.497251852
0.497251584
0.497251315
0.497251046
0.497250778
0.49725051
0.497250241
0.497249973
0.497249705
0.497249438
0.49724917
0.497248902
0.497248635
0.497248367
0.4972481
0.497247833
0.497247566
0.497247299
0.497247032
0.497246766
0.497246499
0.497246233
0.497245967
0.4972457
0.497245434
0.497245168
0.497244903
0.497244637
0.497244371
0.497244106
0.497243841
0.497243575
0.49724331
0.497243045
0.49724278
0.497242516
0.497242251
0.497241986
0.497241722
0.497241458
0.497241193
0.497240929
0.497240665
0.497240402
0.497240138
0.497239874
0.497239611
0.497239347
0.497239084
0.497238821
0.497238558
0.497238295
0.497238032
0.497237769
0.497237507
0.497237244
0.497236982
0.49723672
0.497236457
0.497236195
0.497235933
0.497235672
0.49723541
0.497235148
0.497234887
0.497234625
0.497234364
0.497234103
0.497233842
0.497233581
0.49723332
0.497233059
0.497232799
0.497232538
0.497232278
0.497232017
0.497231757
0.497231497
0.497231237
0.497230977
0.497230717
0.497230457
0.497230198
0.497229938
0.497229679
0.49722942
0.497229161
0.497228902
0.497228643
0.497228384
0.497228125
0.497227866
0.497227608
0.497227349
0.497227091
0.497226833
0.497226575
0.497226317
0.497226059
0.497225801
0.497225543
0.497225285
0.497225028
0.497224771
0.497224513
0.497224256
0.497223999
0.497223742
0.497223485
0.497223228
0.497222971
0.497222715
0.497222458
0.497222202
0.497221945
0.497221689
0.497221433
0.497221177
0.497220921
0.497220665
0.49722041
0.497220154
0.497219898
0.497219643
0.497219388
0.497219132
0.497218877
0.497218622
0.497218367
0.497218112
0.497217857
0.497217603
0.497217348
0.497217094
0.497216839
0.497216585
0.497216331
0.497216077
0.497215823
0.497215569
0.497215315
0.497215061
0.497214807
0.497214554
0.4972143
0.497214047
0.497213794
0.497213541
0.497213287
0.497213034
0.497212782
0.497212529
0.497212276
0.497212023
0.497211771
0.497211518
0.497211266
0.497211014
0.497210762
0.497210509
0.497210257
0.497210005
0.497209754
0.497209502
0.49720925
0.497208999
0.497208747
0.497208496
0.497208245
0.497207993
0.497207742
0.497207491
0.49720724
0.497206989
0.497206739
0.497206488
0.497206237
0.497205987
0.497205736
0.497205486
0.497205236
0.497204986
0.497204736
0.497204486
0.497204236
0.497203986
0.497203736
0.497203487
0.497203237
0.497202987
0.497202738
0.497202489
0.49720224
0.49720199
0.497201741
0.497201492
0.497201243
0.497200995
0.497200746
0.497200497
0.497200249
0.4972
0.497199752
0.497199504
0.497199255
0.497199007
0.497198759
0.497198511
0.497198263
0.497198015
0.497197768
0.49719752
0.497197272
0.497197025
0.497196777
0.49719653
0.497196283
0.497196036
0.497195789
0.497195542
0.497195295
0.497195048
0.497194801
0.497194554
0.497194308
0.497194061
0.497193815
0.497193568
0.497193322
0.497193076
0.49719283
0.497192584
0.497192338
0.497192092
0.497191846
0.4971916
0.497191354
0.497191109
0.497190863
0.497190618
0.497190372
0.497190127
0.497189882
0.497189637
0.497189392
0.497189147
0.497188902
0.497188657
0.497188412
0.497188167
0.497187923
0.497187678
0.497187434
0.497187189
0.497186945
0.497186701
0.497186456
0.497186212
0.497185968
0.497185724
0.49718548
0.497185237
0.497184993
0.497184749
0.497184506
0.497184262
0.497184019
0.497183775
0.497183532
0.497183289
0.497183045
0.497182802
0.497182559
0.497182316
0.497182074
0.497181831
0.497181588
0.497181345
0.497181103
0.49718086
0.497180618
