
0.917404491
0.91634388
0.915288654
0.91423872
0.913191758
0.912147756
0.911110309
0.910079771
0.909055701
0.908036107
0.907019314
0.906008285
0.90500011
0.903994421
0.902991607
0.90199162
0.900994449
0.900000084
0.899003436
0.89800384
0.8970055
0.896009977
0.89501726
0.89402734
0.893040206
0.89205585
0.89107415
0.890094487
0.889117577
0.88814341
0.887171976
0.886196214
0.885213705
0.884233972
0.883257005
0.882282794
0.88131133
0.880342603
0.879376605
0.878413324
0.877452753
0.876494881
0.875534012
0.874572849
0.873622574
0.872677736
0.871738581
0.870808748
0.869881518
0.868956884
0.868034835
0.867115567
0.866210159
0.865308955
0.864412424
0.863519912
0.86262988
0.86174232
0.860857224
0.859974584
0.85909439
0.858216634
0.857345496
0.856481877
0.85562168
0.854768017
0.853907234
0.85304783
0.852181465
0.851319458
0.850459929
0.849602792
0.848748039
0.847897307
0.847052208
0.846209781
0.845370509
0.844534277
0.843697541
0.842863364
0.842031465
0.841201837
0.84037447
0.83955393
0.838742034
0.837932343
0.837124851
0.836319549
0.83551643
0.834715487
0.833916713
0.833120099
0.83232564
0.831533327
0.830743154
0.829955112
0.829169196
0.828385529
0.827612253
0.826841051
0.82607221
0.825306265
0.824542369
0.823780167
0.82301912
0.822261273
0.821507019
0.820754611
0.820003462
0.819254299
0.818507115
0.817761903
0.817022752
0.816289065
0.815557305
0.814827466
0.81409954
0.813374359
0.812652325
0.811932177
0.811215578
0.810504296
0.809794865
0.809087281
0.808381536
0.807677625
0.806975542
0.806275281
0.805576836
0.804880202
0.804187003
0.803499592
0.802814117
0.80213041
0.801448465
0.800765272
0.800083314
0.799402657
0.79872317
0.798045431
0.797369437
0.79669896
0.796035087
0.79537444
0.794715485
0.794058215
0.793402626
0.792748711
0.792096467
0.791445457
0.790795914
0.790148029
0.789501795
0.788856138
0.788208821
0.787563369
0.786919853
0.786277952
0.785638587
0.785002098
0.784370123
0.783738224
0.783106409
0.782476172
0.781847507
0.78122041
0.780594875
0.779970651
0.779347603
0.778726104
0.778103665
0.777481656
0.776861194
0.776242275
0.775624893
0.775009045
0.774394725
0.773784124
0.773178489
0.772574351
0.771971705
0.771370548
0.77077077
0.770172061
0.769576091
0.768982629
0.76839063
0.767800089
0.767211002
0.766623199
0.766036658
0.76545077
0.764865162
0.764278603
0.763693072
0.763109008
0.762526595
0.761945604
0.761366456
0.760790996
0.760216936
0.759644272
0.759072999
0.758503112
0.757934609
0.757367484
0.756801733
0.756237353
0.75567434
0.755112688
0.754552395
0.753993456
0.753435866
0.752880914
0.752327362
0.751775146
0.751224262
0.750674707
0.750126476
0.74958321
0.749042554
0.748503196
0.747965133
0.747428361
0.746892875
0.746358673
0.74582682
0.745297597
0.744767451
0.744237405
0.74370861
0.743181064
0.742656266
0.742133036
0.741610439
0.741088251
0.740567297
0.740047572
0.739529764
0.739016741
0.73850492
0.737994298
0.737484872
0.736976638
0.736469777
0.735964446
0.73546038
0.73495766
0.734456116
0.733953517
0.733451255
0.732950155
0.732450215
0.731953271
0.731458493
0.730964854
0.73047235
0.729980979
0.729490738
0.729001623
0.728513631
0.728027201
0.727543877
0.727061657
0.726580538
0.726101388
0.725624053
0.725151885
0.724680792
0.724210772
0.723741821
0.723273938
0.722807118
0.722340948
0.721873518
0.72140568
0.720938279
0.720472054
0.72000924
0.719547464
0.719086722
0.718627013
0.718168333
0.717710679
0.717254537
0.716800242
0.716346963
0.715894698
0.715443444
0.714993199
0.714543959
0.714096937
0.713651714
0.713207481
0.712764235
0.712320649
0.711877218
0.711434767
0.710993293
0.710553166
0.710114748
0.70967723
0.709240188
0.708804112
0.708369
0.707934849
0.707501656
0.707071228
0.706645456
0.706220619
0.705796713
0.705373738
0.70495169
0.704530385
0.704109518
0.703689573
0.703270547
0.702852439
0.702435246
0.702018965
0.701603594
0.701189131
0.700775574
0.700363239
0.699954469
0.69954659
0.6991396
0.698733496
0.698328276
0.697923937
0.697520478
0.697117896
0.696716188
0.696316509
0.695918399
0.695523367
0.695129186
0.694735853
0.694343365
0.693951722
0.693560921
0.693170959
0.692781834
0.692393545
0.692006089
0.691619464
0.691233667
0.690848698
0.690464553
0.69008123
0.689698729
0.689317045
0.688937597
0.688560188
0.688183584
0.687807785
0.687432787
0.687058589
0.686685189
0.686312584
0.685940773
0.685570186
0.685201971
0.684834323
0.684466991
0.684100438
0.683734662
0.68336966
0.683005431
0.682641973
0.682279284
0.681917362
0.681556205
0.681195812
0.680836179
0.680477306
0.680119191
0.679761831
0.679405225
0.679049371
0.678694266
0.67833991
0.6779863
0.677633435
0.677281312
0.67692993
0.676579287
0.67622938
0.67588021
0.675531772
0.675184066
0.674840659
0.674497006
0.67415231
0.673807791
0.673464059
0.673121861
0.672779941
0.672438691
0.672098151
0.671758318
0.671419402
0.671080388
0.670740648
0.670401541
0.670063134
0.669725426
0.669388413
0.669052096
0.668716782
0.668383898
0.668051698
0.667720178
0.667389337
0.667059174
0.666729778
0.66640282
0.666076528
0.6657509
0.665425937
0.665101634
0.664777993
0.664455009
0.664132683
0.663811012
0.663489995
0.66316963
0.662849866
0.662530343
0.662211469
0.661893243
0.661575662
0.661259175
0.660943585
0.660628634
0.66031432
0.660000643
0.659687599
0.659375189
0.65906341
0.658752261
0.658441741
0.658131847
0.657822579
0.657513935
0.657205914
0.656898514
0.656591733
0.656285571
0.655980026
0.655675512
0.655373029
0.655071153
0.654769881
0.654469212
0.654169146
0.65386968
0.653570813
0.653272545
0.652974872
0.652677795
0.652381312
0.652085421
0.651790121
0.651495411
0.651201289
0.650907754
0.650614805
0.65032244
0.650030658
0.649739457
0.649448837
0.64915955
0.648871774
0.648584569
0.648297933
0.648011865
0.647726309
0.647440968
0.647156191
0.64687198
0.646588331
0.646305243
0.646022716
0.645740749
0.645459339
0.645178485
0.644898188
0.644618444
0.644339253
0.644060614
0.643782525
0.643504985
0.643227994
0.642951549
0.642675649
0.642400294
0.642125482
0.641851211
0.641577482
0.641304291
0.641031639
0.640759524
0.640487945
0.640216901
0.63994639
0.639676411
0.639406894
0.639137456
0.638868548
0.638600168
0.638332317
0.638064992
0.637798193
0.637531918
0.637265392
0.63699812
0.63673137
0.63646514
0.63619943
0.635934238
0.635669563
0.63540539
0.63514132
0.634877765
0.634614723
0.634352194
0.634090176
0.633828669
0.633567671
0.63330718
0.633047197
0.632787719
0.632528746
0.632270277
0.63201231
0.631754845
0.63149788
0.631241414
0.630985446
0.630729975
0.630474675
0.6302198
0.629965419
0.629711533
0.629458139
0.629205238
0.628952828
0.628700907
0.628449475
0.628198532
0.627948075
0.627698103
0.627448617
0.627199613
0.626951093
0.626703054
0.626455495
0.626208668
0.625962649
0.625717107
0.625472041
0.625227451
0.624983335
0.624739692
0.624496521
0.624253821
0.624011592
0.623769831
0.623528539
0.623287714
0.623047355
0.622807461
0.622568031
0.622329065
0.62209056
0.621852517
0.621614934
0.621377811
0.621141145
0.620904937
0.620669185
0.620434735
0.620202445
0.619970603
0.619739207
0.619508256
0.619277751
0.619047689
0.61881807
0.618588892
0.618360156
0.61813186
0.617904003
0.617676584
0.617449602
0.617223057
0.616996947
0.616771271
0.616546029
0.61632122
0.616096842
0.615872896
0.615649379
0.615426291
0.615203632
0.614981399
0.614759593
0.614538213
0.614317257
0.614096736
0.613876688
0.613657062
0.613437857
0.613218867
0.61300011
0.612781772
0.612563852
0.612346349
0.612129263
0.611912593
0.611696337
0.611480495
0.611265065
0.611050048
0.610835454
0.610621986
0.610408927
0.610196275
0.609984031
0.609772193
0.609560759
0.609350418
0.609140479
0.608930942
0.608721806
0.608513071
0.608304734
0.608096797
0.607889258
0.607682115
0.607475369
0.607269018
0.607063061
0.606857499
0.606652329
0.606447551
0.606243165
0.606039169
0.605835563
0.605632346
0.605429517
0.605227075
0.60502502
0.60482335
0.604622065
0.604421165
0.604220648
0.604020513
0.60382076
0.603621388
0.603422397
0.603223784
0.603025551
0.602827695
0.602630216
0.602432821
0.60223516
0.602037876
0.601840967
0.601644434
0.601448274
0.601252488
0.601057075
0.600862034
0.600667364
0.600473064
0.600279134
0.600085573
0.599892381
0.599699555
0.599507096
0.599315004
0.599123276
0.598931913
0.598740913
0.598550277
0.598360003
0.59817009
0.597980538
0.597791346
0.597602513
0.597414039
0.597225923
0.597038164
0.596850761
0.596663715
0.596477023
0.596290685
0.596104701
0.595919069
0.595733588
0.595548273
0.595363309
0.595178697
0.594994434
0.594810521
0.594626957
0.594443741
0.594260873
0.594078351
0.593896175
0.593714344
0.593532858
0.593351716
0.593170917
0.592990461
0.592810347
0.592630574
0.592451141
0.592272048
0.592093294
0.591914879
0.591736801
0.591558897
0.591381239
0.591203918
0.591026933
0.590850283
0.590673968
0.590497986
0.590322338
0.590147022
0.589972038
0.589797384
0.589623062
0.589449069
0.589275406
0.589102071
0.588929063
0.588756383
0.58858403
0.588412002
0.5882403
0.588068923
0.587897869
0.587727139
0.587556731
0.587386645
0.587216881
0.587047438
0.586878315
0.586709511
0.586541026
0.58637286
0.586205011
0.586037479
0.585870263
0.585703434
0.585537499
0.585371879
0.585206573
0.58504158
0.584876899
0.58471253
0.584548472
0.584384724
0.584221287
0.584057931
0.583894719
0.58373158
0.58356875
0.583406228
0.583244014
0.583082108
0.582920269
0.582758139
0.582596317
0.5824348
0.58227359
0.582112685
0.581952084
0.581791787
0.581631794
0.581472104
0.581312715
0.581153629
0.58099481
0.580836054
0.580677598
0.580519443
0.580361587
0.580204029
0.580046771
0.579889809
0.579733145
0.579576778
0.579420706
0.57926493
0.579109449
0.578954262
0.578799368
0.578644768
0.57849046
0.578336444
0.578182719
0.578029285
0.577876142
0.577723288
0.577570723
0.577418446
0.577266458
0.577114757
0.576963343
0.576812215
0.576661373
0.576510816
0.576361751
0.576213012
0.576064557
0.575916386
0.575768497
0.575620891
0.575473567
0.575326524
0.575179761
0.575033279
0.574887076
0.574741153
0.574595508
0.574450141
0.574305051
0.574160238
0.574015702
0.573871441
0.573727456
0.573583745
0.573440309
0.573297146
0.573154257
0.57301164
0.572869295
0.572727222
0.572585356
0.572442921
0.572300757
0.572158865
0.572017243
0.571875891
0.571734809
0.571593995
0.571453451
0.571313174
0.571173043
0.571033151
0.570893527
0.570754169
0.570615077
0.57047625
0.570337688
0.57019939
0.570061356
0.569923585
0.569786077
0.569648831
0.569511847
0.569375124
0.569238691
0.569103
0.568967337
0.56883125
0.568695419
0.568559845
0.568424526
0.568289462
0.568154653
0.568020099
0.567885798
0.56775175
0.567617955
0.567484413
0.567351122
0.567218083
0.567085294
0.566952756
0.566820468
0.566688429
0.56655664
0.566425098
0.566293805
0.566162759
0.566031975
0.565901995
0.565772261
0.565642771
0.565513526
0.565384525
0.565255767
0.565127252
0.56499898
0.56487095
0.564743161
0.564615614
0.564488307
0.56436124
0.564234414
0.564107826
0.563981478
0.563855367
0.563729495
0.56360386
0.563478463
0.563353302
0.563228377
0.563103687
0.562979233
0.562855014
0.562731029
0.562607278
0.56248376
0.562360475
0.562237423
0.562114603
0.561992015
0.561869658
0.561747531
0.561625635
0.561503969
0.561382532
0.561261325
0.561140346
0.561019595
0.560899082
0.5607793
0.560659744
0.560540413
0.560421308
0.560302428
0.560183772
0.560065341
0.559947133
0.559829148
0.559711386
0.559593846
0.559476529
0.559359433
0.559242558
0.559125903
0.559009469
0.558893255
0.55877726
0.558661484
0.558545927
0.558430588
0.558315467
0.558200563
0.558085876
0.557971406
0.557857151
0.557743113
0.557629289
0.557515681
0.557402287
0.557289107
0.557176141
0.557063388
0.556950848
0.55683852
0.556726405
0.556614501
0.556502808
0.556391326
0.556280055
0.556168993
0.556058142
0.555947499
0.555837066
0.555726841
0.555616824
0.555507014
0.555397412
0.555288017
0.555178828
0.555069846
0.554961069
0.554852887
0.554744988
0.554637292
0.5545298
0.554422511
0.554315425
0.554208542
0.55410186
0.55399538
0.553889102
0.553783024
0.553677146
0.553571469
0.553465992
0.553360714
0.553255634
0.553150754
0.553046165
0.552942025
0.552838082
0.552734336
0.552630786
0.552527431
0.552424272
0.552321308
0.552218539
0.552115964
0.552013583
0.551911395
0.5518094
0.551707599
0.55160599
0.551504573
0.551403347
0.551302313
0.55120147
0.551100818
0.551000356
0.550900084
0.550800002
0.550700108
0.550600404
0.550500888
0.55040156
0.55030242
0.550203468
0.550104703
0.550006124
0.549907732
0.549809525
0.549711505
0.54961367
0.549516019
0.549418554
0.549321273
0.549224175
0.549127261
0.549030531
0.548933983
0.548837618
0.548741436
0.548645435
0.548549615
0.548453977
0.54835852
0.548263243
0.548168146
0.548073229
0.547978492
0.547883934
0.547789555
0.547695354
0.547601331
0.547507486
0.547413819
0.547320329
0.547227015
0.547133878
0.547040918
0.546948133
0.546855523
0.546763089
0.546670829
0.546578745
0.546486834
0.546395097
0.546303533
0.546212143
0.546120926
0.546029881
0.545939009
0.545848308
0.545757779
0.545667421
0.545577234
0.545487218
0.545397372
0.545307696
0.54521819
0.545128853
0.545039685
0.544950686
0.544861855
0.544773192
0.544684697
0.544596369
0.544508209
0.544420215
0.544332388
0.544244727
0.544157232
0.544069902
0.543982738
0.543895739
0.543808904
0.543722234
0.543635728
0.543549385
0.543463206
0.54337719
0.543291336
0.543205646
0.543120117
0.54303475
0.542949545
0.542864501
0.542779618
0.542694896
0.542610334
0.542525933
0.542441691
0.542357608
0.542273685
0.54218992
0.542106314
0.542022867
0.541939577
0.541856445
0.541773471
0.541690653
0.541607992
0.541525488
0.54144314
0.541360948
0.541278912
0.541197031
0.541115305
0.541033734
0.540952317
0.540871055
0.540789946
0.540708991
0.540628189
0.540547541
0.540467045
0.540386701
0.54030651
0.540226471
0.540146583
0.540066846
0.539987261
0.539907826
0.539828542
0.539749408
0.539670424
0.539591589
0.539512904
0.539434368
0.539355981
0.539277742
0.539199652
0.539121709
0.539043915
0.538966267
0.538888767
0.538811414
0.538734457
0.538657675
0.538581038
0.538504547
0.5384282
0.538351953
0.538275737
0.538199665
0.538123738
0.538047954
0.537972315
0.537896819
0.537821467
0.537746257
0.537671191
0.537596266
0.537521484
0.537446844
0.537372346
0.537297989
0.537223774
0.537149699
0.537075765
0.537001971
0.536928318
0.536854804
0.53678143
0.536708196
0.5366351
0.536562143
0.536489325
0.536416645
0.536344103
0.536271699
0.536199433
0.536127303
0.536055311
0.535983456
0.535911737
0.535840154
0.535768707
0.535697396
0.535626221
0.53555518
0.535484275
0.535413504
0.535342868
0.535272366
0.535201999
0.535131764
0.535061664
0.534991696
0.534921862
0.53485216
0.534782591
0.534713332
0.534644389
0.534575577
0.534506896
0.534438346
0.534369927
0.534301638
0.534233479
0.534165449
0.53409755
0.534029779
0.533962138
0.533894625
0.533827241
0.533759985
0.533692858
0.533625858
0.533558986
0.533492241
0.533425624
0.533359133
0.533292769
0.533226532
0.533160421
0.533094435
0.533028576
0.532962841
0.532897233
0.532831749
0.53276639
0.532701155
0.532636045
0.532571059
0.532506197
0.532441458
0.532376843
0.532312351
0.532247982
0.532183735
0.532119611
0.53205561
0.53199173
0.531927972
0.531864336
0.531800821
0.531737427
0.531674154
0.531611001
0.531547969
0.531485058
0.531422266
0.531359594
0.531297041
0.531234608
0.531172294
0.531110099
0.531048022
0.530986064
0.530924224
0.530862501
0.530800897
0.53073941
0.530678041
0.530616788
0.530555653
0.530494634
0.530433731
0.530372945
0.530312275
0.53025172
0.530191281
0.530130957
0.530070749
0.530010655
0.529950676
0.529890812
0.529831062
0.529771426
0.529711903
0.529652495
0.5295932
0.529534018
0.529474949
0.529415992
0.529357149
0.529298417
0.529239798
0.529181291
0.529122895
0.529064611
0.529006438
0.528948377
0.528890426
0.528832586
0.528774856
0.528717237
0.528659728
0.528602328
0.528545038
0.528487858
0.528430787
0.528373825
0.528316972
0.528260227
0.528203591
0.528147063
0.528090643
0.528034331
0.527978126
0.527922029
0.527866039
0.527810156
0.52775438
0.527698711
0.527643148
0.527587691
0.52753234
0.527477095
0.527421955
0.527366921
0.527311992
0.527257169
0.52720245
0.527147835
0.527093325
0.52703892
0.526984618
0.52693042
0.526876326
0.526822335
0.526768448
0.526714663
0.526660982
0.526607403
0.526553926
0.526500552
0.52644728
0.52639411
0.526341042
0.526288075
0.52623521
0.526182445
0.526129782
0.526077219
0.526024757
0.525972395
0.525920134
0.525867973
0.525815911
0.525763949
0.525712086
0.525660323
0.525608659
0.525557094
0.525505627
0.525454259
0.525402989
0.525351818
0.525300744
0.525249769
0.52519889
0.52514811
0.525097426
0.52504684
0.52499635
0.524945957
0.524895661
0.524845461
0.524795357
0.524745349
0.524695436
0.52464562
0.524595899
0.524546273
0.524496742
0.524447306
0.524397965
0.524348718
0.524299566
0.524250507
0.524201543
0.524152673
0.524103896
0.524055213
0.524006623
0.523958126
0.523909722
0.523861411
0.523813193
0.523765067
0.523717144
0.523669466
0.52362188
0.523574386
0.523526982
0.52347967
0.523432448
0.523385318
0.523338277
0.523291328
0.523244468
0.523197698
0.523151019
0.523104429
0.523057928
0.523011517
0.522965195
0.522918962
0.522872818
0.522826763
0.522780796
0.522734918
0.522689128
0.522643425
0.522597811
0.522552284
0.522506845
0.522461493
0.522416229
0.522371051
0.522325945
0.522280868
0.522235878
0.522189769
0.522142804
0.522095927
0.52204914
0.522002441
0.52195583
0.521909308
0.521862873
0.521816527
0.521770269
0.521724098
0.521678015
0.521632019
0.521586111
0.521540289
0.521494554
0.521448906
0.521403344
0.521357869
0.52131248
0.521267177
0.52122196
0.521176828
0.521131783
0.521086822
0.521041947
0.520997157
0.520952452
0.520907831
0.520863295
0.520818844
0.520774477
0.520730194
0.520685995
0.52064188
0.520597848
0.5205539
0.520510036
0.520466254
0.520422556
0.520378941
0.520335408
0.520291958
0.52024859
0.520205304
0.520162101
0.52011898
0.52007594
0.520032982
0.519990106
0.519947311
0.519904597
0.519861964
0.519819412
0.519776941
0.519734551
0.519692241
0.519650011
0.519607861
0.519565792
0.519523802
0.519481892
0.519440061
0.51939831
0.519356638
0.519315046
0.519273532
0.519232097
0.519190741
0.519149463
0.519108263
0.519067142
0.519026099
0.518985134
0.518944247
0.518903437
0.518862705
0.51882205
0.518781472
0.518740972
0.518700548
0.518660201
0.518619931
0.518579737
0.51853962
0.518499579
0.518459614
0.518419724
0.518379911
0.518340173
0.518300511
0.518260924
0.518221412
0.518181976
0.518142614
0.518103327
0.518064115
0.518024977
0.517985914
0.517946925
0.51790801
0.517869169
0.517830401
0.517791555
0.517752605
0.517713729
0.517674927
0.517636198
0.517597543
0.517558961
0.517520452
0.517482016
0.517443654
0.517405363
0.517367053
0.517328555
0.51729013
0.517251777
0.517213497
0.517175289
0.517137154
0.517099091
0.5170611
0.51702318
0.516985333
0.51694777
0.516910773
0.516873846
0.516836988
0.5168002
0.516763481
0.516726832
0.516690251
0.51665374
0.516617297
0.516580923
0.516544617
0.51650838
0.516472212
0.516436298
0.516400457
0.516364683
0.516328977
0.516293339
0.516257767
0.516222263
0.516186826
0.516151456
0.516116153
0.516080916
0.516045746
0.516010642
0.515975605
0.515940634
0.515905728
0.515870889
0.515836116
0.515801408
0.515766766
0.515732189
0.515697678
0.515663232
0.515628851
0.515594534
0.515560283
0.515526133
0.515492658
0.515459245
0.515425896
0.51539261
0.515359386
0.515326224
0.515293125
0.515260089
0.515227114
0.515194201
0.515161351
0.515128562
0.515095835
0.51506317
0.515030566
0.514998023
0.514965542
0.514933121
0.514900762
0.514868464
0.514836226
0.51480405
0.514771933
0.514739878
0.514707882
0.514675947
0.514644072
0.514612257
0.514580502
0.514548807
0.514517171
0.514485595
0.514454078
0.514422621
0.514391223
0.514359884
0.514328605
0.514297384
0.514266222
0.514235118
0.514204073
0.514173087
0.514142159
0.514111289
0.514080478
0.514049725
0.514019029
0.513988391
0.513957811
0.513927289
0.513896824
0.513866417
0.513836067
0.513805774
0.513775538
0.513745359
0.513715237
0.513685172
0.513655164
0.513625212
0.513595468
0.513566202
0.51353699
0.513507834
0.513478732
0.513449686
0.513420693
0.513391755
0.513362872
0.513334042
0.513305267
0.513276546
0.513247879
0.513219265
0.513190706
0.5131622
0.513133748
0.513105349
0.513077003
0.513048711
0.513020472
0.512992286
0.512964153
0.512936073
0.512908045
0.51288007
0.512852148
0.512824278
0.512796461
0.512768696
0.512740983
0.512713323
0.512685714
0.512658157
0.512630652
0.512603199
0.512575797
0.512548447
0.512521148
0.512493901
0.512466704
0.512439559
0.512412465
0.512385422
0.51235843
0.512331489
0.512304598
0.512277758
0.512250968
0.512224103
0.512197135
0.512170216
0.512143349
0.512116823
0.512090584
0.512064393
0.512038251
0.512012158
0.511986114
0.511960119
0.511934172
0.511908274
0.511882424
0.511856623
0.511830869
0.511805164
0.511779507
0.511753898
0.511728337
0.511702823
0.511677358
0.51165194
0.511626569
0.511601246
0.511575971
0.511550742
0.511525561
0.511500427
0.51147534
0.5114503
0.511425307
0.51140036
0.51137546
0.511350607
0.5113258
0.51130104
0.511276326
0.511251658
0.511227037
0.511202461
0.511177932
0.511153448
0.51112901
0.511104618
0.511080272
0.511055971
0.511031716
0.511007506
0.510983341
0.510959222
0.510935148
0.510911119
0.510887135
0.510863136
0.510839166
0.510815241
0.510791361
0.510767526
0.510743735
0.510719989
0.510696287
0.51067263
0.510649017
0.510625448
0.510601924
0.510578443
0.510555007
0.510531614
0.510508265
0.51048496
0.510461698
0.51043848
0.510415306
0.510392175
0.510369087
0.510346043
0.510323041
0.510300083
0.510277168
0.510254296
0.510231466
0.51020868
0.510185936
0.510162995
0.510139855
0.510116758
0.510093703
0.510070691
0.510047722
0.510024794
0.510001909
0.509979066
0.509956265
0.509933506
0.509910789
0.509888114
0.509865481
0.509842889
0.509820339
0.509797831
0.509775364
0.509752938
0.509730554
0.509708211
0.509685909
0.509663649
0.509641429
0.50961925
0.509597112
0.509575015
0.509552959
0.509530943
0.509508968
0.509487033
0.509465139
0.509443285
0.509421472
0.509399698
0.509377965
0.509356272
0.509334619
0.509313006
0.509291432
0.509269898
0.509248404
0.50922695
0.509205535
0.50918416
0.509162824
0.509141527
0.50912027
0.509099052
0.509077873
0.509056733
0.509035632
0.50901457
0.508993546
0.508972562
0.508951616
0.508930709
0.50890984
0.50888901
0.508868218
0.508847465
0.50882675
0.508806073
0.508785434
0.508764833
0.50874427
0.508723745
0.508703258
0.508682809
0.508662398
0.508642024
0.508621687
0.508601389
0.508581127
0.508560903
0.508540717
0.508520567
0.508500488
0.508480566
0.50846068
0.508440831
0.508421018
0.508401242
0.508381503
0.5083618
0.508342246
0.508323016
0.508303821
0.508284662
0.508265538
0.508246449
0.508227395
0.508208376
0.508189393
0.508170444
0.50815153
0.50813265
0.508113806
0.508094996
0.508076221
0.50805748
0.508038774
0.508020102
0.508001465
0.507982862
0.507964293
0.507945758
0.507927258
0.507908791
0.507890359
0.50787196
0.507853595
0.507835264
0.507816967
0.507798703
0.507780473
0.507762277
0.507744114
0.507725984
0.507707888
0.507689861
0.507672166
0.507654504
0.507636874
0.507619276
0.50760171
0.507584177
0.507566676
0.507549207
0.50753177
0.507514365
0.507496991
0.50747965
0.507462341
0.507445063
0.507427817
0.507410603
0.50739342
0.507376269
0.507359149
0.507342061
0.507324987
0.507306771
0.507288587
0.507270436
0.507252318
0.507234233
0.50721618
0.50719816
0.507180172
0.507162217
0.507144294
0.507126404
0.507108545
0.507090719
0.507072925
0.507055164
0.507037434
0.507019736
0.50700207
0.506984437
0.506966834
0.506949264
0.506931726
0.506914219
0.506896743
0.506879299
0.506861887
0.506844506
0.506827156
0.506809838
0.506792551
0.506775295
0.506758071
0.506740877
0.506723715
0.506706583
0.506689482
0.506672413
0.506655374
0.506638365
0.506621388
0.506604441
0.506587525
0.506570639
0.506553783
0.506536959
0.506520164
0.5065034
0.506486666
0.506469962
0.506453289
0.506436645
0.506420032
0.506403448
0.506386895
0.506370371
0.506353877
0.506337413
0.506320979
0.506304574
0.506288199
0.506271853
0.506255537
0.506239251
0.506222994
0.506206766
0.506190567
0.506174398
0.506158258
0.506142147
0.506126065
0.506110012
0.506093989
0.506077994
0.506062028
0.50604609
0.506030182
0.506014302
0.505998451
0.505982629
0.505966835
0.505951069
0.505935332
0.505919624
0.505903944
0.505888292
0.505872668
0.505857073
0.505841506
0.505825967
0.505810456
0.505794973
0.505779518
0.50576409
0.505748691
0.505733319
0.505717976
0.50570266
0.505687371
0.50567211
0.505656877
0.505641671
0.505626493
0.505611342
0.505596219
0.505581122
0.505566053
0.505551012
0.505535997
0.505521009
0.505506049
0.505491116
0.505476209
0.505461329
0.505446477
0.505431651
0.505416852
0.505402079
0.505387334
0.505372615
0.505357922
0.505343256
0.505328617
0.505314004
0.505299417
0.505284856
0.505270322
0.505255815
0.505241333
0.505226878
0.505212448
0.505198045
0.505183668
0.505169316
0.505154991
0.505140691
0.505126417
0.505112169
0.505097947
0.505083751
0.50506958
0.505055434
0.505041315
0.50502722
0.505013151
0.504999108
0.50498509
0.504971097
0.50495713
0.504943187
0.50492927
0.504915378
0.504901511
0.504887669
0.504873852
0.50486006
0.504846293
0.504832551
0.504818834
0.504805141
0.504791473
0.50477783
0.504764212
0.504750618
0.504737048
0.504723503
0.504709983
0.504696487
0.504683015
0.504669568
0.504656145
0.504642746
0.504629371
0.504616021
0.504602694
0.504589392
0.504576114
0.504562859
0.504549629
0.504536422
0.50452324
0.504510081
0.504496946
0.504483834
0.504470747
0.504457682
0.504444642
0.504431625
0.504418632
0.504405661
0.504392715
0.504379792
0.504366892
0.504354015
0.504341162
0.504328332
0.504315525
0.504302741
0.50428998
0.504277242
0.504264528
0.504251836
0.504239167
0.504226521
0.504213898
0.504201297
0.50418872
0.504176165
0.504163632
0.504151123
0.504138636
0.504126171
0.504113729
0.50410131
0.504088912
0.504076538
0.504064185
0.504051855
0.504039547
0.504027262
0.504014998
0.504002757
0.503990538
0.50397834
0.503966165
0.503954012
0.503941881
0.503929771
0.503917684
0.503905618
0.503893574
0.503881552
0.503869552
0.503857573
0.503845616
0.50383368
0.503821766
0.503809873
0.503798002
0.503786153
0.503774324
0.503762518
0.503750732
0.503739159
0.503727712
0.503716285
0.503704879
0.503693493
0.503682128
0.503670783
0.503659459
0.503648155
0.503636871
0.503625608
0.503614365
0.503603142
0.50359194
0.503580758
0.503569595
0.503558453
0.503547331
0.50353623
0.503525148
0.503514086
0.503503044
0.503492021
0.503481019
0.503470037
0.503459074
0.503448131
0.503437208
0.503426304
0.50341542
0.503404556
0.503393711
0.503382886
0.50337208
0.503361294
0.503350527
0.503339739
0.503328855
0.503317991
0.503307146
0.503296321
0.503285514
0.503274728
0.50326396
0.503253212
0.503242483
0.503231774
0.503221083
0.503210412
0.503199759
0.503189126
0.503178512
0.503167917
0.503157341
0.503146784
0.503136246
0.503125726
0.503115226
0.503104744
0.503094281
0.503083837
0.503073411
0.503063005
0.503052616
0.503042247
0.503031896
0.503021563
0.503011249
0.503000954
0.502990677
0.502980418
0.502970178
0.502959956
0.502949752
0.502939567
0.5029294
0.502919251
0.50290912
0.502899007
0.502888913
0.502878837
0.502868778
0.502858738
0.502848715
0.502838711
0.502828724
0.502818756
0.502808805
0.502798872
0.502788956
0.502779059
0.502769179
0.502759317
0.502749473
0.502739646
0.502729837
0.502720045
0.502710271
0.502700514
0.502690775
0.502681053
0.502671349
0.502661662
0.502651992
0.50264234
0.502632704
0.502623087
0.502613486
0.502603902
0.502594336
0.502584787
0.502575255
0.50256574
0.502556242
0.502546761
0.502537297
0.502527849
0.502518419
0.502509006
0.502499609
0.502490229
0.502480866
0.50247152
0.502462191
0.502452878
0.502443582
0.502434302
0.502425039
0.502415793
0.502406563
0.50239735
0.502388153
0.502378972
0.502369808
0.502360661
0.502351529
0.502342415
0.502333316
0.502324234
0.502315325
0.502306522
0.502297734
0.502288962
0.502280206
0.502271465
0.50226274
0.502254031
0.502245337
0.502236658
0.502227996
0.502219348
0.502210716
0.502202099
0.502193498
0.502184912
0.502176342
0.502167786
0.502159246
0.502150721
0.502142212
0.502133717
0.502125238
0.502116774
0.502108325
0.502099891
0.502091472
0.502083068
0.502074679
0.502066305
0.502057946
0.502049601
0.502041272
0.502032958
0.502024658
0.502016373
0.502008103
0.501999848
0.501991607
0.501983381
0.50197517
0.501966973
0.501958791
0.501950624
0.501942471
0.501934333
0.501926209
0.501918099
0.501910004
0.501901924
0.501893858
0.501885806
0.501877769
0.501869746
0.501861737
0.501853742
0.501845762
0.501837796
0.501829844
0.501821907
0.501813983
0.501806074
0.501798178
0.501790297
0.50178243
0.501774577
0.501766737
0.501758912
0.501751101
0.501743303
0.50173552
0.50172775
0.501719994
0.501712252
0.501704524
0.501696809
0.501689109
0.501681422
0.501673748
0.501666089
0.501658442
0.50165081
0.501643191
0.501635586
0.501627994
0.501620416
0.501612851
0.5016053
0.501597762
0.501590237
0.501582726
0.501575229
0.501567744
0.501560273
0.501552815
0.501545371
0.50153794
0.501530522
0.501523117
0.501515725
0.501508347
0.501500981
0.501493629
0.50148629
0.501478964
0.501471651
0.501464351
0.501457063
0.501449789
0.501442528
0.50143528
0.501428044
0.501420822
0.501413612
0.501406415
0.501399231
0.50139206
0.501384901
0.501377755
0.501370622
0.501363502
0.501356394
0.501349299
0.501342216
0.501335146
0.501328088
0.501321044
0.501314011
0.501306991
0.501299984
0.501292989
0.501286006
0.501279036
0.501272079
0.501265133
0.5012582
0.501251279
0.501244371
0.501237475
0.501230591
0.501223719
0.50121686
0.501210012
0.501203177
0.501196354
0.501189543
0.501182744
0.501175958
0.501169183
0.50116242
0.50115567
0.501148931
0.501142204
0.50113549
0.501128787
0.501122096
0.501115417
0.501108749
0.501102094
0.50109545
0.501088819
0.501082199
0.50107559
0.501068994
0.501062409
0.501055836
0.501049274
0.501042724
0.501036186
0.501029659
0.501023144
0.501016641
0.501010149
0.501003668
0.500997199
0.500990742
0.500984296
0.500977861
0.500971438
0.500965026
0.500958625
0.500952236
0.500945858
0.500939492
0.500933136
0.500926793
0.50092046
0.500914138
0.500907828
0.500901529
0.500895303
0.500889223
0.500883154
0.500877095
0.500871047
0.50086501
0.500858984
0.500852968
0.500846963
0.500840969
0.500834985
0.500829012
0.500823049
0.500817097
0.500811156
0.500805225
0.500799304
0.500793394
0.500787495
0.500781605
0.500775727
0.500769858
0.500764001
0.500758153
0.500752316
0.500746489
0.500740672
0.500734866
0.50072907
0.500723284
0.500717509
0.500711743
0.500705988
0.500700243
0.500694509
0.500688784
0.500683069
0.500677365
0.500671671
0.500665986
0.500660312
0.500654648
0.500648994
0.50064335
0.500637715
0.500632091
0.500626477
0.500620872
0.500615278
0.500609693
0.500604119
0.500598554
0.500592999
0.500587453
0.500581918
0.500576392
0.500570876
0.50056537
0.500559874
0.500554387
0.50054891
0.500543443
0.500537985
0.500532537
0.500527098
0.50052167
0.50051625
0.500510841
0.50050544
0.50050005
0.500494669
0.500489297
0.500483935
0.500478582
0.500473239
0.500467905
0.500462581
0.500457266
0.50045196
0.500446664
0.500441377
0.500436099
0.500430831
0.500425572
0.500420322
0.500415082
0.50040985
0.500404628
0.500399416
0.500394212
0.500389017
0.500383832
0.500378656
0.500373489
0.500368331
0.500363182
0.500358042
0.500352912
0.50034779
0.500342677
0.500337574
0.500332479
0.500327393
0.500322317
0.500317249
0.50031219
0.50030714
0.500302099
0.500297067
0.500292044
0.500287029
0.500282023
0.500277027
0.500272039
0.500267059
0.500262089
0.500257127
0.500252174
0.50024723
0.500242294
0.500237367
0.500232449
0.500227539
0.500222638
0.500217746
0.500212862
0.500207987
0.50020312
0.500198262
0.500193413
0.500188572
0.500183739
0.500178916
0.5001741
0.500169293
0.500164494
0.500159704
0.500154923
0.500150149
0.500145384
0.500140628
0.50013588
0.50013114
0.500126408
0.500121737
0.500117177
0.500112626
0.500108082
0.500103546
0.500099018
0.500094498
0.500089986
0.500085482
0.500080986
0.500076498
0.500072017
0.500067545
0.50006308
0.500058624
0.500054175
0.500049733
0.5000453
0.500040874
0.500036457
0.500032046
0.500027644
0.500023249
0.500018862
0.500014483
0.500010112
0.500005748
0.500001392
0.499997043
0.499992702
0.499988369
0.499984043
0.499979725
0.499975414
0.499971111
0.499966815
0.499962527
0.499958247
0.499953974
0.499949709
0.499945451
0.4999412
0.499936957
0.499932721
0.499928493
0.499924272
0.499920059
0.499915852
0.499911654
0.499907462
0.499903278
0.499899102
0.499894932
0.49989077
0.499886615
0.499882468
0.499878327
0.499874194
0.499870068
0.49986595
0.499861838
0.499857734
0.499853637
0.499849547
0.499845464
0.499841389
0.49983732
0.499833259
0.499829205
0.499825158
0.499821117
0.499817084
0.499813058
0.499809039
0.499805028
0.499801023
0.499797025
0.499793034
0.49978905
0.499785073
0.499781103
0.49977714
0.499773183
0.499769234
0.499765292
0.499761356
0.499757427
0.499753506
0.499749591
0.499745682
0.499741781
0.499737887
0.499733999
0.499730118
0.499726244
0.499722376
0.499718516
0.499714662
0.499710814
0.499706974
0.49970314
0.499699313
0.499695493
0.499691679
0.499687872
0.499684071
0.499680277
0.49967649
0.499672709
0.499668935
0.499665168
0.499661407
0.499657652
0.499653904
0.499650163
0.499646428
0.4996427
0.499638978
0.499635262
0.499631553
0.499627851
0.499624155
0.499620465
0.499616782
0.499613105
0.499609435
0.499605771
0.499602113
0.499598462
0.499594817
0.499591179
0.499587546
0.499583921
0.499580301
0.499576688
0.49957308
0.49956948
0.499565885
0.499562297
0.499558715
0.499555139
0.499551569
0.499548006
0.499544449
0.499540898
0.499537353
0.499533806
0.499530247
0.499526694
0.499523147
0.499519606
0.499516072
0.499512544
0.499509021
0.499505505
0.499501995
0.499498491
0.499494993
0.499491501
0.499488016
0.499484536
0.499481062
0.499477594
0.499474132
0.499470677
0.499467227
0.499463783
0.499460345
0.499456913
0.499453487
0.499450067
0.499446653
0.499443244
0.499439842
0.499436445
0.499433055
0.49942967
0.499426291
0.499422918
0.49941955
0.499416189
0.499412833
0.499409483
0.499406139
0.499402801
0.499399468
0.499396141
0.49939282
0.499389505
0.499386195
0.499382891
0.499379593
0.4993763
0.499373013
0.499369732
0.499366456
0.499363186
0.499359922
0.499356663
0.49935341
0.499350163
0.499346921
0.499343684
0.499340454
0.499337228
0.499334009
0.499330795
0.499327586
0.499324383
0.499321185
0.499317993
0.499314807
0.499311626
0.49930845
0.49930528
0.499302115
0.499298956
0.499295802
0.499292654
0.499289511
0.499286373
0.499283241
0.499280114
0.499276993
0.499273877
0.499270766
0.499267661
0.499264561
0.499261466
0.499258376
0.499255292
0.499252213
0.49924914
0.499246072
0.499243008
0.499239951
0.499236898
0.499233851
0.499230809
0.499227772
0.49922474
0.499221714
0.499218693
0.499215676
0.499212666
0.49920966
0.499206659
0.499203664
0.499200673
0.499197688
0.499194708
0.499191733
0.499188763
0.499185798
0.499182838
0.499179884
0.499176934
0.499173989
0.49917105
0.499168115
0.499165186
0.499162261
0.499159342
0.499156427
0.499153517
0.499150613
0.499147713
0.499144819
0.499141929
0.499139044
0.499136164
0.499133289
0.499130419
0.499127554
0.499124694
0.499121838
0.499118988
0.499116142
0.499113301
0.499110465
0.499107634
0.499104808
0.499101986
0.49909917
0.499096358
0.499093551
0.499090749
0.499087951
0.499085158
0.49908237
0.499079587
0.499076808
0.499074035
0.499071266
0.499068501
0.499065742
0.499062987
0.499060236
0.499057491
0.49905475
0.499052014
0.499049282
0.499046555
0.499043833
0.499041115
0.499038402
0.499035693
0.49903299
0.49903029
0.499027596
0.499024905
0.49902222
0.499019539
0.499016862
0.49901419
0.499011523
0.49900886
0.499006202
0.499003548
0.499000899
0.498998254
0.498995614
0.498992978
0.498990346
0.498987719
0.498985097
0.498982479
0.498979865
0.498977256
0.498974651
0.498972051
0.498969455
0.498966863
0.498964276
0.498961693
0.498959115
0.498956541
0.498953971
0.498951406
0.498948845
0.498946288
0.498943735
0.498941187
0.498938644
0.498936104
0.498933569
0.498931038
0.498928511
0.498925989
0.498923471
0.498920957
0.498918447
0.498915942
0.498913441
0.498910944
0.498908451
0.498905963
0.498903478
0.498900998
0.498898522
0.49889605
0.498893583
0.498891119
0.49888866
0.498886205
0.498883754
0.498881307
0.498878864
0.498876425
0.498873991
0.49887156
0.498869134
0.498866712
0.498864293
0.498861879
0.498859469
0.498857063
0.498854661
0.498852263
0.498849869
0.498847479
0.498845093
0.498842711
0.498840333
0.498837959
0.498835589
0.498833223
0.498830861
0.498828503
0.498826149
0.498823799
0.498821453
0.498819111
0.498816772
0.498814438
0.498812107
0.498809781
0.498807458
0.498805139
0.498802824
0.498800513
0.498798206
0.498795903
0.498793603
0.498791308
0.498789016
0.498786728
0.498784444
0.498782163
0.498779887
0.498777614
0.498775345
0.49877308
0.498770819
0.498768561
0.498766307
0.498764057
0.498761811
0.498759569
0.49875733
0.498755095
0.498752863
0.498750636
0.498748412
0.498746192
0.498743975
0.498741762
0.498739553
0.498737348
0.498735146
0.498732948
0.498730754
0.498728563
0.498726376
0.498724192
0.498722012
0.498719836
0.498717664
0.498715495
0.498713329
0.498711167
0.498709009
0.498706855
0.498704704
0.498702556
0.498700412
0.498698272
0.498696135
0.498694002
0.498691872
0.498689746
0.498687623
0.498685504
0.498683389
0.498681277
0.498679168
0.498677063
0.498674961
0.498672863
0.498670768
0.498668677
0.49866659
0.498664505
0.498662424
0.498660347
0.498658273
0.498656203
0.498654136
0.498652072
0.498650012
0.498647955
0.498645901
0.498643851
0.498641805
0.498639761
0.498637721
0.498635685
0.498633651
0.498631622
0.498629595
0.498627572
0.498625552
0.498623536
0.498621522
0.498619513
0.498617506
0.498615503
0.498613503
0.498611506
0.498609513
0.498607523
0.498605536
0.498603553
0.498601572
0.498599595
0.498597621
0.498595651
0.498593684
0.49859172
0.498589759
0.498587801
0.498585847
0.498583896
0.498581948
0.498580003
0.498578061
0.498576123
0.498574188
0.498572256
0.498570327
0.498568401
0.498566478
0.498564559
0.498562643
0.49856073
0.49855882
0.498556913
0.498555009
0.498553108
0.498551211
0.498549316
0.498547425
0.498545537
0.498543652
0.49854177
0.498539891
0.498538015
0.498536142
0.498534272
0.498532405
0.498530542
0.498528681
0.498526823
0.498524969
0.498523117
0.498521269
0.498519423
0.498517581
0.498515741
0.498513904
0.498512071
0.49851024
0.498508413
0.49850659
0.49850477
0.498502952
0.498501138
0.498499327
0.498497518
0.498495713
0.49849391
0.49849211
0.498490314
0.49848852
0.498486729
0.498484941
0.498483156
0.498481374
0.498479595
0.498477818
0.498476045
0.498474274
0.498472506
0.498470741
0.498468979
0.49846722
0.498465464
0.49846371
0.498461959
0.498460212
0.498458467
0.498456724
0.498454985
0.498453248
0.498451515
0.498449784
0.498448055
0.49844633
0.498444608
0.498442733
0.498440656
0.498438583
0.498436512
0.498434446
0.498432382
0.498430322
0.498428265
0.498426211
0.49842416
0.498422113
0.498420069
0.498418028
0.49841599
0.498413956
0.498411925
0.498409897
0.498407872
0.49840585
0.498403832
0.498401817
0.498399805
0.498397796
0.49839579
0.498393787
0.498391788
0.498389791
0.498387798
0.498385808
0.498383821
0.498381838
0.498379857
0.498377879
0.498375905
0.498373933
0.498371965
0.49837
0.498368038
0.498366079
0.498364123
0.49836217
0.49836022
0.498358274
0.49835633
0.498354389
0.498352452
0.498350517
0.498348585
0.498346657
0.498344731
0.498342809
0.498340889
0.498338973
0.498337059
0.498335149
0.498333241
0.498331337
0.498329435
0.498327537
0.498325641
0.498323748
0.498321858
0.498319972
0.498318088
0.498316207
0.498314329
0.498312454
0.498310582
0.498308713
0.498306846
0.498304983
0.498303122
0.498301265
0.49829941
0.498297558
0.498295709
0.498293863
0.49829202
0.49829018
0.498288342
0.498286507
0.498284676
0.498282847
0.498281021
0.498279197
0.498277399
0.498275679
0.498273961
0.498272246
0.498270534
0.498268824
0.498267117
0.498265413
0.498263711
0.498262012
0.498260316
0.498258622
0.49825693
0.498255242
0.498253556
0.498251873
0.498250192
0.498248514
0.498246838
0.498245165
0.498243495
0.498241827
0.498240161
0.498238499
0.498236839
0.498235181
0.498233526
0.498231874
0.498230224
0.498228576
0.498226931
0.498225289
0.498223649
0.498222012
0.498220377
0.498218745
0.498217115
0.498215488
0.498213863
0.498212241
0.498210621
0.498209004
0.498207389
0.498205777
0.498204167
0.49820256
0.498200955
0.498199352
0.498197753
0.498196155
0.49819456
0.498192967
0.498191377
0.498189789
0.498188204
0.498186621
0.498185041
0.498183462
0.498181887
0.498180314
0.498178743
0.498177174
0.498175608
0.498174045
0.498172483
0.498170924
0.498169368
0.498167814
0.498166262
0.498164712
0.498163165
0.498161621
0.498160078
0.498158538
0.498157001
0.498155465
0.498153932
0.498152402
0.498150873
0.498149347
0.498147823
0.498146302
0.498144783
0.498143266
0.498141752
0.49814024
0.49813873
0.498137222
0.498135717
0.498134214
0.498132713
0.498131214
0.498129718
0.498128224
0.498126733
0.498125243
0.498123756
0.498122271
0.498120788
0.498119308
0.49811783
0.498116354
0.49811488
0.498113408
0.498111939
0.498110472
0.498109007
0.498107544
0.498106084
0.498104625
0.498103169
0.498101715
0.498100264
0.498098814
0.498097367
0.498095922
0.498094478
0.498093038
0.498091599
0.498090162
0.498088728
0.498087296
0.498085866
0.498084438
0.498083012
0.498081588
0.498080167
0.498078747
0.49807733
0.498075915
0.498074502
0.498073091
0.498071682
0.498070276
0.498068871
0.498067469
0.498066068
0.49806467
0.498063274
0.498061879
0.498060487
0.498059097
0.498057709
0.498056324
0.49805494
0.498053558
0.498052178
0.498050801
0.498049425
0.498048052
0.49804668
0.498045311
0.498043943
0.498042578
0.498041215
0.498039853
0.498038494
0.498037137
0.498035781
0.498034428
0.498033077
0.498031728
0.49803038
0.498029035
0.498027692
0.498026351
0.498025011
0.498023674
0.498022339
0.498021005
0.498019674
0.498018344
0.498017017
0.498015691
0.498014368
0.498013046
0.498011726
0.498010409
0.498009093
0.498007779
0.498006467
0.498005157
0.498003849
0.498002543
0.498001239
0.497999937
0.497998636
0.497997338
0.497996041
0.497994746
0.497993454
0.497992163
0.497990874
0.497989587
0.497988302
0.497987018
0.497985737
0.497984457
0.49798318
0.497981904
0.49798063
0.497979358
0.497978087
0.497976819
0.497975553
0.497974288
0.497973025
0.497971764
0.497970505
0.497969248
0.497967992
0.497966738
0.497965487
0.497964237
0.497962988
0.497961742
0.497960498
0.497959255
0.497958014
0.497956775
0.497955537
0.497954302
0.497953068
0.497951836
0.497950606
0.497949377
0.497948151
0.497946926
0.497945703
0.497944482
0.497943262
0.497942044
0.497940828
0.497939614
0.497938402
0.497937191
0.497935982
0.497934775
0.497933569
0.497932365
0.497931163
0.497929963
0.497928764
0.497927568
0.497926372
0.497925179
0.497923987
0.497922797
0.497921609
0.497920423
0.497919238
0.497918055
0.497916873
0.497915693
0.497914515
0.497913339
0.497912164
0.497910991
0.49790982
0.49790865
0.497907482
0.497906316
0.497905151
0.497903988
0.497902827
0.497901667
0.497900509
0.497899353
0.497898198
0.497897045
0.497895894
0.497894744
0.497893596
0.497892449
0.497891305
0.497890161
0.49788902
0.49788788
0.497886741
0.497885605
0.49788447
0.497883336
0.497882204
0.497881074
0.497879945
0.497878818
0.497877692
0.497876569
0.497875446
0.497874325
0.497873206
0.497872089
0.497870973
0.497869858
0.497868746
0.497867634
0.497866525
0.497865416
0.49786431
0.497863205
0.497862101
0.497861
0.497859899
0.4978588
0.497857703
0.497856607
0.497855513
0.497854421
0.497853329
0.49785224
0.497851152
0.497850065
0.49784898
0.497847897
0.497846815
0.497845735
0.497844656
0.497843578
0.497842502
0.497841428
0.497840355
0.497839284
0.497838214
0.497837145
0.497836078
0.497835013
0.497833949
0.497832887
0.497831826
0.497830766
0.497829708
0.497828651
0.497827596
0.497826543
0.497825491
0.49782444
0.497823391
0.497822343
0.497821297
0.497820252
0.497819208
0.497818166
0.497817126
0.497816087
0.497815049
0.497814013
0.497812978
0.497811945
0.497810913
0.497809882
0.497808853
0.497807845
0.49780684
0.497805837
0.497804836
0.497803836
0.497802837
0.497801839
0.497800843
0.497799849
0.497798855
0.497797864
0.497796873
0.497795884
0.497794896
0.49779391
0.497792925
0.497791941
0.497790959
0.497789978
0.497788998
0.49778802
0.497787043
0.497786068
0.497785093
0.49778412
0.497783149
0.497782179
0.49778121
0.497780242
0.497779276
0.497778311
0.497777348
0.497776386
0.497775425
0.497774465
0.497773507
0.49777255
0.497771594
0.49777064
0.497769732
0.497768847
0.497767964
0.497767081
0.4977662
0.49776532
0.497764441
0.497763563
0.497762687
0.497761811
0.497760937
0.497760064
0.497759192
0.497758322
0.497757452
0.497756584
0.497755717
0.497754851
0.497753987
0.497753123
0.497752261
0.4977514
0.49775054
0.497749681
0.497748823
0.497747967
0.497747112
0.497746258
0.497745405
0.497744553
0.497743702
0.497742852
0.497742004
0.497741157
0.497740311
0.497739466
0.497738622
0.497737779
0.497736938
0.497736097
0.497735258
0.49773442
0.497733583
0.497732747
0.497731912
0.497731078
0.497730246
0.497729414
0.497728584
0.497727755
0.497726926
0.497726099
0.497725274
0.497724465
0.497723658
0.497722852
0.497722047
0.497721244
0.497720441
0.497719639
0.497718839
0.497718039
0.497717241
0.497716444
0.497715647
0.497714852
0.497714058
0.497713265
0.497712473
0.497711682
0.497710892
0.497710104
0.497709316
0.497708529
0.497707743
0.497706959
0.497706175
0.497705393
0.497704611
0.497703831
0.497703051
0.497702273
0.497701496
0.497700719
0.497699944
0.49769917
0.497698397
0.497697624
0.497696853
0.497696083
0.497695314
0.497694546
0.497693779
0.497693012
0.497692247
0.497691483
0.49769072
0.497689958
0.497689197
0.497688437
0.497687678
0.49768692
0.497686163
0.497685407
0.497684652
0.497683898
0.497683144
0.497682392
0.497681641
0.497680891
0.497680142
0.497679394
0.497678646
0.4976779
0.497677155
0.497676411
0.497675667
0.497674925
0.497674184
0.497673443
0.497672704
0.497671965
0.497671228
0.497670491
0.497669756
0.497669021
0.497668287
0.497667554
0.497666823
0.497666092
0.497665362
0.497664633
0.497663905
0.497663178
0.497662452
0.497661726
0.497661002
0.497660279
0.497659556
0.497658835
0.497658114
0.497657395
0.497656676
0.497655958
0.497655242
0.497654526
0.497653811
0.497653097
0.497652383
0.497651671
0.49765096
0.497650249
0.49764954
0.497648831
0.497648123
0.497647417
0.497646711
0.497646006
0.497645302
0.497644598
0.497643896
0.497643195
0.497642494
0.497641795
0.497641096
0.497640398
0.497639701
0.497639005
0.49763831
0.497637615
0.497636922
0.497636229
0.497635538
0.497634847
0.497634157
0.497633468
0.49763278
0.497632092
0.497631406
0.49763072
0.497630035
0.497629352
0.497628668
0.497627986
0.497627305
0.497626625
0.497625945
0.497625266
0.497624588
0.497623911
0.497623235
0.49762256
0.497621885
0.497621212
0.497620539
0.497619867
0.497619196
0.497618525
0.497617856
0.497617187
0.497616519
0.497615852
0.497615186
0.497614521
0.497613857
0.497613193
0.49761253
0.497611868
0.497611207
0.497610546
0.497609887
0.497609228
0.49760857
0.497607913
0.497607257
0.497606601
0.497605947
0.497605293
0.49760464
0.497603987
0.497603336
0.497602685
0.497602035
0.497601386
0.497600738
0.49760009
0.497599444
0.497598798
0.497598153
0.497597508
0.497596865
0.497596222
0.49759558
0.497594939
0.497594299
0.497593659
0.49759302
0.497592382
0.497591745
0.497591108
0.497590473
0.497589838
0.497589203
0.49758857
0.497587937
0.497587305
0.497586674
0.497586044
0.497585414
0.497584785
0.497584157
0.49758353
0.497582904
0.497582278
0.497581653
0.497581028
0.497580405
0.497579782
0.49757916
0.497578539
0.497577918
0.497577298
0.497576679
0.497576061
0.497575443
0.497574826
0.49757421
0.497573595
0.49757298
0.497572366
0.497571753
0.497571141
0.497570529
0.497569918
0.497569308
0.497568698
0.497568089
0.497567481
0.497566874
0.497566267
0.497565661
0.497565056
0.497564452
0.497563848
0.497563245
0.497562642
0.497562041
0.49756144
0.497560839
0.49756024
0.497559641
0.497559043
0.497558446
0.497557849
0.497557253
0.497556658
0.497556063
0.497555469
0.497554876
0.497554283
0.497553691
0.4975531
0.49755251
0.49755192
0.497551331
0.497550743
0.497550155
0.497549568
0.497548981
0.497548396
0.497547811
0.497547227
0.497546643
0.49754606
0.497545478
0.497544896
0.497544315
0.497543735
0.497543155
0.497542576
0.497541998
0.497541421
0.497540844
0.497540267
0.497539692
0.497539117
0.497538543
0.497537969
0.497537396
0.497536824
0.497536252
0.497535681
0.497535111
0.497534541
0.497533972
0.497533404
0.497532836
0.497532269
0.497531702
0.497531137
0.497530571
0.497530007
0.497529443
0.49752888
0.497528317
0.497527755
0.497527194
0.497526633
0.497526073
0.497525514
0.497524955
0.497524397
0.497523839
0.497523283
0.497522726
0.497522171
0.497521616
0.497521061
0.497520508
0.49751997
0.497519433
0.497518896
0.49751836
0.497517825
0.49751729
0.497516755
0.497516222
0.497515688
0.497515156
0.497514624
0.497514093
0.497513562
0.497513032
0.497512502
0.497511973
0.497511445
0.497510917
0.49751039
0.497509863
0.497509337
0.497508812
0.497508287
0.497507763
0.497507239
0.497506716
0.497506193
0.497505672
0.49750515
0.497504629
0.497504109
0.49750359
0.49750307
0.497502552
0.497502034
0.497501517
0.497501
0.497500484
0.497499968
0.497499453
0.497498938
0.497498424
0.497497911
0.497497398
0.497496886
0.497496374
0.497495863
0.497495353
0.497494843
0.497494333
0.497493824
0.497493316
0.497492808
0.497492301
0.497491794
0.497491288
0.497490782
0.497490277
0.497489773
0.497489269
0.497488765
0.497488262
0.49748776
0.497487258
0.497486757
0.497486256
0.497485756
0.497485256
0.497484757
0.497484259
0.49748376
0.497483263
0.497482766
0.49748227
0.497481774
0.497481278
0.497480783
0.497480289
0.497479795
0.497479302
0.497478809
0.497478317
0.497477825
0.497477334
0.497476843
0.497476353
0.497475864
0.497475374
0.497474886
0.497474398
0.49747391
0.497473423
0.497472937
0.497472451
0.497471965
0.49747148
0.497470996
0.497470512
0.497470028
0.497469545
0.497469063
0.497468581
0.497468099
0.497467618
0.497467138
0.497466658
0.497466178
0.497465699
0.497465221
0.497464743
0.497464266
0.497463789
0.497463312
0.497462836
0.497462361
0.497461886
0.497461411
0.497460937
0.497460464
0.49745999
0.497459518
0.497459046
0.497458574
0.497458103
0.497457633
0.497457162
0.497456693
0.497456224
0.497455755
0.497455287
0.497454819
0.497454352
0.497453885
0.497453419
0.497452953
0.497452487
0.497452022
0.497451558
0.497451094
0.497450631
0.497450168
0.497449705
0.497449243
0.497448781
0.49744832
0.49744786
0.497447399
0.49744694
0.49744648
0.497446022
0.497445563
0.497445105
0.497444648
0.497444191
0.497443734
0.497443278
0.497442823
0.497442367
0.497441913
0.497441458
0.497441005
0.497440551
0.497440098
0.497439646
0.497439194
0.497438742
0.497438291
0.497437841
0.49743739
0.497436941
0.497436491
0.497436042
0.497435594
0.497435146
0.497434698
0.497434251
0.497433805
0.497433358
0.497432913
0.497432467
0.497432022
0.497431578
0.497431134
0.49743069
0.497430247
0.497429804
0.497429362
0.49742892
0.497428478
0.497428037
0.497427597
0.497427156
0.497426717
0.497426277
0.497425838
0.4974254
0.497424962
0.497424524
0.497424087
0.49742365
0.497423214
0.497422778
0.497422342
0.497421907
0.497421472
0.497421038
0.497420604
0.497420171
0.497419738
0.497419305
0.497418873
0.497418441
0.497418009
0.497417578
0.497417148
0.497416718
0.497416288
0.497415858
0.497415429
0.497415001
0.497414573
0.497414145
0.497413718
0.497413291
0.497412864
0.497412438
0.497412012
0.497411587
0.497411162
0.497410737
0.497410313
0.497409889
0.497409466
0.497409043
0.497408621
0.497408198
0.497407777
0.497407355
0.497406934
0.497406513
0.497406093
0.497405673
0.497405254
0.497404835
0.497404416
0.497403998
0.49740358
0.497403162
0.497402745
0.497402329
0.497401912
0.497401496
0.497401081
0.497400665
0.49740025
0.497399836
0.497399422
0.497399008
0.497398595
0.497398182
0.497397769
0.497397357
0.497396945
0.497396534
0.497396123
0.497395712
0.497395302
0.497394892
0.497394482
0.497394073
0.497393664
0.497393255
0.497392847
0.497392439
0.497392032
0.497391625
0.497391218
0.497390812
0.497390406
0.49739
0.497389595
0.49738919
0.497388786
0.497388382
0.497387978
0.497387574
0.497387171
0.497386769
0.497386366
0.497385964
0.497385563
0.497385161
0.49738476
0.49738436
0.49738396
0.49738356
0.49738316
0.497382761
0.497382362
0.497381964
0.497381565
0.497381168
0.49738077
0.497380373
0.497379976
0.49737958
0.497379184
0.497378788
0.497378393
0.497377998
0.497377603
0.497377209
0.497376815
0.497376421
0.497376028
0.497375635
0.497375242
0.49737485
0.497374458
0.497374066
0.497373675
0.497373284
0.497372893
0.497372503
0.497372113
0.497371723
0.497371334
0.497370945
0.497370556
0.497370168
0.49736978
0.497369392
0.497369005
0.497368618
0.497368231
0.497367845
0.497367459
0.497367087
0.497366726
0.497366365
0.497366004
0.497365644
0.497365284
0.497364924
0.497364565
0.497364206
0.497363847
0.497363488
0.49736313
0.497362772
0.497362414
0.497362057
0.4973617
0.497361343
0.497360986
0.49736063
0.497360273
0.497359918
0.497359562
0.497359207
0.497358852
0.497358497
0.497358142
0.497357788
0.497357434
0.497357081
0.497356727
0.497356374
0.497356021
0.497355669
0.497355316
0.497354964
0.497354612
0.497354261
0.49735391
0.497353558
0.497353208
0.497352857
0.497352507
0.497352157
0.497351807
0.497351458
0.497351109
0.49735076
0.497350411
0.497350063
0.497349714
0.497349367
0.497349019
0.497348672
0.497348324
0.497347978
0.497347631
0.497347285
0.497346938
0.497346593
0.497346247
0.497345902
0.497345556
0.497345212
0.497344867
0.497344523
0.497344179
0.497343835
0.497343491
0.497343148
0.497342805
0.497342462
0.497342119
0.497341777
0.497341435
0.497341093
0.497340751
0.49734041
0.497340069
0.497339728
0.497339387
0.497339047
0.497338707
0.497338367
0.497338027
0.497337687
0.497337348
0.497337009
0.497336671
0.497336332
0.497335994
0.497335656
0.497335318
0.497334981
0.497334643
0.497334306
0.497333969
0.497333633
0.497333297
0.49733296
0.497332625
0.497332289
0.497331953
0.497331618
0.497331283
0.497330949
0.497330614
0.49733028
0.497329946
0.497329612
0.497329279
0.497328945
0.497328612
0.497328279
0.497327947
0.497327614
0.497327282
0.49732695
0.497326618
0.497326287
0.497325956
0.497325625
0.497325294
0.497324963
0.497324633
0.497324303
0.497323973
0.497323643
0.497323313
0.497322984
0.497322655
0.497322326
0.497321998
0.497321669
0.497321341
0.497321013
0.497320685
0.497320358
0.497320031
0.497319704
0.497319377
0.49731905
0.497318724
0.497318397
0.497318071
0.497317746
0.49731742
0.497317095
0.49731677
0.497316445
0.49731612
0.497315796
0.497315471
0.497315147
0.497314823
0.4973145
0.497314176
0.497313853
0.49731353
0.497313207
0.497312885
0.497312562
0.49731224
0.497311918
0.497311596
0.497311275
0.497310953
0.497310632
0.497310311
0.497309991
0.49730967
0.49730935
0.49730903
0.49730871
0.49730839
0.49730807
0.497307751
0.497307432
0.497307113
0.497306794
0.497306476
0.497306158
0.49730584
0.497305522
0.497305204
0.497304886
0.497304569
0.497304252
0.497303935
0.497303618
0.497303302
0.497302986
0.49730267
0.497302354
0.497302038
0.497301722
0.497301407
0.497301092
0.497300777
0.497300462
0.497300148
0.497299833
0.497299519
0.497299205
0.497298891
0.497298578
0.497298264
0.497297951
0.497297638
0.497297325
0.497297013
0.4972967
0.497296388
0.497296076
0.497295764
0.497295452
0.497295141
0.49729483
0.497294518
0.497294208
0.497293897
0.497293586
0.497293276
0.497292966
0.497292656
0.497292346
0.497292036
0.497291727
0.497291417
0.497291108
0.497290799
0.497290491
0.497290182
0.497289874
0.497289566
0.497289258
0.49728895
0.497288642
0.497288335
0.497288027
0.49728772
0.497287413
0.497287107
0.4972868
0.497286494
0.497286188
0.497285882
0.497285576
0.49728527
0.497284964
0.497284659
0.497284354
0.497284049
0.497283761
0.497283481
0.497283201
0.497282922
0.497282642
0.497282362
0.497282083
0.497281804
0.497281525
0.497281246
0.497280967
0.497280688
0.49728041
0.497280131
0.497279853
0.497279575
0.497279297
0.497279019
0.497278742
0.497278464
0.497278187
0.49727791
0.497277632
0.497277355
0.497277079
0.497276802
0.497276525
0.497276249
0.497275973
0.497275697
0.497275421
0.497275145
0.497274869
0.497274593
0.497274318
0.497274043
0.497273767
0.497273492
0.497273218
0.497272943
0.497272668
0.497272394
0.497272119
0.497271845
0.497271571
0.497271297
0.497271023
0.497270749
0.497270476
0.497270202
0.497269929
0.497269656
0.497269383
0.49726911
0.497268837
0.497268564
0.497268292
0.497268019
0.497267747
0.497267475
0.497267203
0.497266931
0.497266659
0.497266388
0.497266116
0.497265845
0.497265574
0.497265303
0.497265032
0.497264761
0.49726449
0.497264219
0.497263949
0.497263679
0.497263408
0.497263138
0.497262868
0.497262599
0.497262329
0.497262059
0.49726179
0.49726152
0.497261251
0.497260982
0.497260713
0.497260444
0.497260175
0.497259907
0.497259638
0.49725937
0.497259102
0.497258834
0.497258566
0.497258298
0.49725803
0.497257762
0.497257495
0.497257227
0.49725696
0.497256693
0.497256426
0.497256159
0.497255892
0.497255626
0.497255359
0.497255093
0.497254826
0.49725456
0.497254294
0.497254028
0.497253762
0.497253496
0.497253231
0.497252965
0.4972527
0.497252435
0.497252169
0.497251904
0.497251639
0.497251375
0.49725111
0.497250845
0.497250581
0.497250317
0.497250052
0.497249788
0.497249524
0.49724926
0.497248996
0.497248733
0.497248469
0.497248206
0.497247942
0.497247679
0.497247416
0.497247153
0.49724689
0.497246627
0.497246365
0.497246102
0.49724584
0.497245577
0.497245315
0.497245053
0.497244791
0.497244529
0.497244267
0.497244006
0.497243744
0.497243483
0.497243221
0.49724296
0.497242699
0.497242438
0.497242177
0.497241916
0.497241655
0.497241395
0.497241134
0.497240874
0.497240614
0.497240353
0.497240093
0.497239833
0.497239573
0.497239314
0.497239054
0.497238794
0.497238535
0.497238276
0.497238016
0.497237757
0.497237498
0.497237239
0.49723698
0.497236722
0.497236463
0.497236205
0.497235946
0.497235688
0.49723543
0.497235172
0.497234914
0.497234656
0.497234398
0.49723414
0.497233883
0.497233625
0.497233368
0.49723311
0.497232853
0.497232596
0.497232339
0.497232082
0.497231825
0.497231569
0.497231312
0.497231055
0.497230799
0.497230543
0.497230286
0.49723003
0.497229774
0.497229518
0.497229263
0.497229007
0.497228751
0.497228496
0.49722824
0.497227985
0.49722773
0.497227474
0.497227219
0.497226964
0.49722671
0.497226455
0.4972262
0.497225946
0.497225691
0.497225437
0.497225182
0.497224928
0.497224674
0.49722442
0.497224166
0.497223912
0.497223658
0.497223405
0.497223151
0.497222898
0.497222644
0.497222391
0.497222138
0.497221885
0.497221632
0.497221379
0.497221126
0.497220873
0.497220621
0.497220368
0.497220116
0.497219863
0.497219611
0.497219359
0.497219107
0.497218855
0.497218603
0.497218351
0.497218099
0.497217848
0.497217596
0.497217345
0.497217093
0.497216842
0.497216591
0.49721634
0.497216088
0.497215838
0.497215587
0.497215336
0.497215085
0.497214835
0.497214584
0.497214334
0.497214083
0.497213833
0.497213583
0.497213333
0.497213083
0.497212833
0.497212583
0.497212333
0.497212084
0.497211834
0.497211584
0.497211335
0.497211086
0.497210836
0.497210587
0.497210338
0.497210089
0.49720984
0.497209591
0.497209343
0.497209094
0.497208845
0.497208597
0.497208349
0.4972081
0.497207852
0.497207604
0.497207356
0.497207108
0.49720686
0.497206612
0.497206364
0.497206116
0.497205869
0.497205621
0.497205374
0.497205126
0.497204879
0.497204632
0.497204385
0.497204138
0.497203891
0.497203644
0.497203397
0.49720315
0.497202904
0.497202657
0.497202411
0.497202164
0.497201918
0.497201672
0.497201425
0.497201179
0.497200933
0.497200687
0.497200442
0.497200196
0.49719995
0.497199704
0.497199459
0.497199213
0.497198968
0.497198723
0.497198477
0.497198232
0.497197987
0.497197742
0.497197497
0.497197252
0.497197007
0.497196762
0.497196518
0.497196273
0.497196029
0.497195784
0.49719554
0.497195296
0.497195051
0.497194807
