
0.564122642
0.563120793
0.562119606
0.561134599
0.560151132
0.559166634
0.558187301
0.5572064
0.556220003
0.555235642
0.554247972
0.553268096
0.552292208
0.551319585
0.550346885
0.549376017
0.548403244
0.547439528
0.54648602
0.545543928
0.544607158
0.543675899
0.542740527
0.541778212
0.540798615
0.539804553
0.538820632
0.537815641
0.536806706
0.535798661
0.534772388
0.53374578
0.532764014
0.531751741
0.530754191
0.529768908
0.528783243
0.527798515
0.526842441
0.525908325
0.524971289
0.524037176
0.523125299
0.522242506
0.521378464
0.520528562
0.519703167
0.518900304
0.518112911
0.517345766
0.516600829
0.515878527
0.515178516
0.514497078
0.513837114
0.513199159
0.512583322
0.51199183
0.511416643
0.51086122
0.510325483
0.509805307
0.509299394
0.50881319
0.508345567
0.507896005
0.507463608
0.507047907
0.506643042
0.506243858
0.505855914
0.505483544
0.505127062
0.504778289
0.504439313
0.504111998
0.503795121
0.503495388
0.503214424
0.502957564
0.50271696
0.502485758
0.502263866
0.502049596
0.501840278
0.501644376
0.50145805
0.501277912
0.501104293
0.500937945
0.500777153
0.500621362
0.500470979
0.500325362
0.500178516
0.500033387
0.499890347
0.499750312
0.499614721
0.499483052
0.499357196
0.499235103
0.49911658
0.499001447
0.498896429
0.498799544
0.498705635
0.498614536
0.498526088
0.498440139
0.498356545
0.498275168
0.498195879
0.498118552
0.498043069
0.497969319
0.497897195
0.497826596
0.497757426
0.497689702
0.497625577
0.497559908
0.497495347
0.497431819
0.497369256
0.497307591
0.497246765
0.497186717
0.497127393
0.497068755
0.497010738
0.496953277
0.496896425
0.49683937
0.49678222
0.496726636
0.496669986
0.496613714
0.496557784
0.496502168
0.496447125
0.49639275
0.496337916
0.496283565
0.496230325
0.496177111
0.496124145
0.496071715
0.496020128
0.495966461
0.495911946
0.495857453
0.495802964
0.495748637
0.495693851
0.495640679
0.495581856
0.495527166
0.495466659
0.495408303
0.495351292
0.49529552
0.495232334
0.495170115
0.495104451
0.495033542
0.494966952
0.49490515
0.494851501
0.494782484
0.494717086
0.494669982
0.494603353
0.494554244
0.49448973
0.494458643
0.494394532
0.494339046
0.494275847
0.494216159
0.494152483
0.494088652
0.494024121
0.493965864
0.493906964
0.493856236
0.49378988
0.493724492
0.493658784
0.493590112
0.493522644
0.49346664
0.493385699
0.493314026
0.493246636
0.493149889
0.493110538
0.492992452
0.492937779
0.492835865
0.492771854
0.492666638
0.492591175
0.49250324
0.492451273
0.492340067
0.492277721
0.492163604
0.492082485
0.491986452
0.491894745
0.491809973
0.491746341
0.491630187
0.4915409
0.491445691
0.491381244
0.491261741
0.491154612
0.491098991
0.490967976
0.490851639
0.49074296
0.490665283
0.490544595
0.490472906
0.490451909
0.490328055
0.490253491
0.490178656
0.49010354
0.490028134
0.489959657
0.489878512
0.489802583
0.48972637
0.489649865
0.48957408
0.489506909
0.48944341
0.489350328
0.489256685
0.489160911
0.489063575
0.488965808
0.488867609
0.488768557
0.488672396
0.488590358
0.488489268
0.488397996
0.48830503
0.488200255
0.488085774
0.487954473
0.487813326
0.487656316
0.487514678
0.487431368
0.487327223
0.487247938
0.487157811
0.487039436
0.486939015
0.486871624
0.486758587
0.486666525
0.486577436
0.486478979
0.486365839
0.486261497
0.486183434
0.486074299
0.485973013
0.485858788
0.485789172
0.485677897
0.485538997
0.485446033
0.485390483
0.485257754
0.485187537
0.485087403
0.484950473
0.484882622
0.4847216
0.484676314
0.484562221
0.484493825
0.48433342
0.484223625
0.484191602
0.484030656
0.483926578
0.483848144
0.483743604
0.483597655
0.483502902
0.483458095
0.483302632
0.483185953
0.483069196
0.482967695
0.482897891
0.482835628
0.48271251
0.482593103
0.482534239
0.482376277
0.482243218
0.482194355
0.482055843
0.482000567
0.481855597
0.481793389
0.481682843
0.481579769
0.481451694
0.481321248
0.481259396
0.481119379
0.481018201
0.480865709
0.480835138
0.480679512
0.480563905
0.480520145
0.480390727
0.480232796
0.48009132
0.480033975
0.480022796
0.480096513
0.4797292
0.47962479
0.479803937
0.479382285
0.47922657
0.479488619
0.479058215
0.478859428
0.478886793
0.478597792
0.478625055
0.478354016
0.478371591
0.478088518
0.478007104
0.47791432
0.478140257
0.477654708
0.477537677
0.477758118
0.477316206
0.477153429
0.477400209
0.476950101
0.476787123
0.476614636
0.476496166
0.476458741
0.476603865
0.476120946
0.476135816
0.476242994
0.475741276
0.475643103
0.47576753
0.47536688
0.475781696
0.475268703
0.475141599
0.47528311
0.474846686
0.474684212
0.474599461
0.474557335
0.474748956
0.474241767
0.474165342
0.474515383
0.474001098
0.474005594
0.474023944
0.473580527
0.473503913
0.473786752
0.473383644
0.473193919
0.473412081
0.4729873
0.472840466
0.473030017
0.472592634
0.472454299
0.472315432
0.472402823
0.472429878
0.471963541
0.471919964
0.472205344
0.471702202
0.47171357
0.471649254
0.471304162
0.471355605
0.471159655
0.471332114
0.470866212
0.470709083
0.470853825
0.470529872
0.470794442
0.470300256
0.470279912
0.470345001
0.469880593
0.46979361
0.469901114
0.469747163
0.469451434
0.469727861
0.469356511
0.46931708
0.469267242
0.468932202
0.468832079
0.468972468
0.468735397
0.468533975
0.468635559
0.468143048
0.468216504
0.468131991
0.468150021
0.467703925
0.468034112
0.467356134
0.467577174
0.467468056
0.467063614
0.467407259
0.466719234
0.467121193
0.466691303
0.466591147
0.466579468
0.466060804
0.466169508
0.465999584
0.466029831
0.465449402
0.46541536
0.465652033
0.465030999
0.465540992
0.464902476
0.464911393
0.464705575
0.464271579
0.464526356
0.463909166
0.46409675
0.463774921
0.463432763
0.463599319
0.462981084
0.463194616
0.462844219
0.462518651
0.462635035
0.462003012
0.462169489
0.461802499
0.461384675
0.461568941
0.460932284
0.461181979
0.460864242
0.460516324
0.460765703
0.460074726
0.460375192
0.460040337
0.459777418
0.4599355
0.459356753
0.459316638
0.459640564
0.458988354
0.459532834
0.45895355
0.45902477
0.458863721
0.458556487
0.458784938
0.458193271
0.458548973
0.45820782
0.458062781
0.458211863
0.457630362
0.45809784
0.457481172
0.457747264
0.457544252
0.457215638
0.457554046
0.456921548
0.457279721
0.45697405
0.456893308
0.456945358
0.456444308
0.456672769
0.456360897
0.456611911
0.456069376
0.456234518
0.456235408
0.455846087
0.456250698
0.455609628
0.455999603
0.455624351
0.455603279
0.455622342
0.45520163
0.455310426
0.455103858
0.455325845
0.454878724
0.454678638
0.454867866
0.454761356
0.454895575
0.454379908
0.45429915
0.45473205
0.454334724
0.454371399
0.454348394
0.453961456
0.45378808
0.454226281
0.453944982
0.45371829
0.453972956
0.453395653
0.453427156
0.453546976
0.4530757
0.453157415
0.453225685
0.453150568
0.452805195
0.453153368
0.452827535
0.452456246
0.452518193
0.452777604
0.452453291
0.452587473
0.452529139
0.452119003
0.452541004
0.451895448
0.451796323
0.452098017
0.451590804
0.451591417
0.451803226
0.451464912
0.451297992
0.451622789
0.451342514
0.451043396
0.451263218
0.450865705
0.450564905
0.45061426
0.450860754
0.450569906
0.450550889
0.450693748
0.450037063
0.450158726
0.450174383
0.449706592
0.450165796
0.449744225
0.449687126
0.44968796
0.449287997
0.449658684
0.449111704
0.44956561
0.449255836
0.448876862
0.449261015
0.448581823
0.448668973
0.448839856
0.44824407
0.448086907
0.448502854
0.447965691
0.448223469
0.447998821
0.447738046
0.447871089
0.447626364
0.44735806
0.447572843
0.447537048
0.447065743
0.447263368
0.446990448
0.447209062
0.446671509
0.446662284
0.446865863
0.446395694
0.446191325
0.446724215
0.446193125
0.446263595
0.446145614
0.446035554
0.446237213
0.445641299
0.445553617
0.445875291
0.445328393
0.445278076
0.445480805
0.445047773
0.445057549
0.44511514
0.445004238
0.444665111
0.445017291
0.444311977
0.444529219
0.444338214
0.444041813
0.44420577
0.443943648
0.444283284
0.444161736
0.443581966
0.444077133
0.443480183
0.443340474
0.443792927
0.443592452
0.443228796
0.44340043
0.44308275
0.443544339
0.442835757
0.442771024
0.442727722
0.442338226
0.442593888
0.443039919
0.442221929
0.442382809
0.442218159
0.441813546
0.442317117
0.442007089
0.44215413
0.442265472
0.44149628
0.442075695
0.441627691
0.441411194
0.441489816
0.441157503
0.441829394
0.441485725
0.441070795
0.441484719
0.440766686
0.440784385
0.440811168
0.440434362
0.441106047
0.44096605
0.440334044
0.441176884
0.440091111
0.440248773
0.440152277
0.440089162
0.440410416
0.440410085
0.439779529
0.440254508
0.439511479
0.440499691
0.439405027
0.439380654
0.43950946
0.439467264
0.439497597
0.439798208
0.4388285
0.43956437
0.438939351
0.438976126
0.438813716
0.438554894
0.439316655
0.439076792
0.438468037
0.439241766
0.438144014
0.438404124
0.438358866
0.438255789
0.438612236
0.438646527
0.43792629
0.438401892
0.437849009
0.437937635
0.438142024
0.438323402
0.437442764
0.438129143
0.437477319
0.437576492
0.437373632
0.437057156
0.438024011
0.43765833
0.437115665
0.437776215
0.436884876
0.437135262
0.436845936
0.43656885
0.43707531
0.436769191
0.437112217
0.437242334
0.436303942
0.436600917
0.436462944
0.436414691
0.436800898
0.436738579
0.436213287
0.436526288
0.43613196
0.436675723
0.435809946
0.435963083
0.435951214
0.435623971
0.436390893
0.436242103
0.435484785
0.436368629
0.435380052
0.435510795
0.435481845
0.435195529
0.435881878
0.435834244
0.434982792
0.435787955
0.435073117
0.43503723
0.435013205
0.434667948
0.435232128
0.435260785
0.43468501
0.435679976
0.434550201
0.434365925
0.434717437
0.434641981
0.434730306
0.435156215
0.434075703
0.434347501
0.434260916
0.434220104
0.434617382
0.434735568
0.433941282
0.434417085
0.433882722
0.433960771
0.434278093
0.434277294
0.433647685
0.434463625
0.433383481
0.433575024
0.433558805
0.433581222
0.433837379
0.434135054
0.433134639
0.433930836
0.433153456
0.433252952
0.433113507
0.432732996
0.433680489
0.43367102
0.432848934
0.433213876
0.432947105
0.433738249
0.432589455
0.432562232
0.432782481
0.432783708
0.432873291
0.433347129
0.43217166
0.432899943
0.432299063
0.432601637
0.432510299
0.432810024
0.432007478
0.433150589
0.43195658
0.43191319
0.432083121
0.432224771
0.432142501
0.432527719
0.431563801
0.432428424
0.43154975
0.432493551
0.4315201
0.431610863
0.431569208
0.43121381
0.432159339
0.432191398
0.431279491
0.431315157
0.431430912
0.431382273
0.431725417
0.431713842
0.431138249
0.43199317
0.430902939
0.430957213
0.431141407
0.431094624
0.431385774
0.431733466
0.430629142
0.431311056
0.430701297
0.431852174
0.430516126
0.430352282
0.430816163
0.430965914
0.430593933
0.431203569
0.430244725
0.430530105
0.430310145
0.429913566
0.430944423
0.430748609
0.430217988
0.430916165
0.429999909
0.43013133
0.430082201
0.430029028
0.430656706
0.430785232
0.429886672
0.430549333
0.429718201
0.429912161
0.429842557
0.429490609
0.43063847
0.430399179
0.429558908
0.430062284
0.429595678
0.430413324
0.429275071
0.429316788
0.429567099
0.429530538
0.429837435
0.430226819
0.429018351
0.429889108
0.429321964
0.429189871
0.429791364
0.429805357
0.429142504
0.429730043
0.428821245
0.42908284
0.428861743
0.428560658
0.429418984
0.429781499
0.42861945
0.428628781
0.428818351
0.428884983
0.429094119
0.42951729
0.428371186
0.428944939
0.428625361
0.429665504
0.428377234
0.428014454
0.42948605
0.429057632
0.428135337
0.428621809
0.428434012
0.429219871
0.428010724
0.427947949
0.428006573
0.42811886
0.428584589
0.428630837
0.42787802
0.428484116
0.427842561
0.427931697
0.427600035
0.427681004
0.428826983
0.427350275
0.428803731
0.428362496
0.427689133
0.427458658
0.42767828
0.427382849
0.428285845
0.428295241
0.427201133
0.427854794
0.427251829
0.428204077
0.426902703
0.427058085
0.427121222
0.427015267
0.427015096
0.426797849
0.426872119
0.427398979
0.427693701
0.426626143
0.427030692
0.42725053
0.427810207
0.426497894
0.426935942
0.427109774
0.426849232
0.427414329
0.426341236
0.426592954
0.42629787
0.426134871
0.426576013
0.426702733
0.426665044
0.427108471
0.425957035
0.427080812
0.426004103
0.42609638
0.425964998
0.42653338
0.427028761
0.426006628
0.425962455
0.426799989
0.426883742
0.425755469
0.426382666
0.425886808
0.426833104
0.425501886
0.425710541
0.425709174
0.426356288
0.426849878
0.425723309
0.425547818
0.426313716
0.42644067
0.42527909
0.426026639
0.425424445
0.426619589
0.425058577
0.425119725
0.426475609
0.424909113
0.425876452
0.426081025
0.424961305
0.425254469
0.424725114
0.424999505
0.425069639
0.425280153
0.425433233
0.426158078
0.424571752
0.425154916
0.425150186
0.425416612
0.425654447
0.424684803
0.425575928
0.424500919
0.425727093
0.424202696
0.424743098
0.424519014
0.42531035
0.425922454
0.424505289
0.424329756
0.425361562
0.425527941
0.424185715
0.424688544
0.424661047
0.425537664
0.424006343
0.424102952
0.424192839
0.424253079
0.424921028
0.425208332
0.423862065
0.424626721
0.424109762
0.42533937
0.423608434
0.423697322
0.424122379
0.424277257
0.424193979
0.424971933
0.423495518
0.423922402
0.424371714
0.424875528
0.423354213
0.423976865
0.42393228
0.42476471
0.423283522
0.423450632
0.423357102
0.423693318
0.424137929
0.424593188
0.423111307
0.423716785
0.423627495
0.424736315
0.423054244
0.423255015
0.424090427
0.424355986
0.42288627
0.423892698
0.422987917
0.423950704
0.422915114
0.424287815
0.42252008
0.423780462
0.424191989
0.422627073
0.422921294
0.423613482
0.424046836
0.422515993
0.423201215
0.422987039
0.424015034
0.422333757
0.422507606
0.422544084
0.422809727
0.423306598
0.423705805
0.422288795
0.423225908
0.422409089
0.423565509
0.421974738
0.423512433
0.422010384
0.422649404
0.422833516
0.423527636
0.422104642
0.422045741
0.421990268
0.423105065
0.423458184
0.421846773
0.422523521
0.422375352
0.423334946
0.421619911
0.422206356
0.422479507
0.423301761
0.421545973
0.421895856
0.421522266
0.422007703
0.421626993
0.423265215
0.421346146
0.422535304
0.423034384
0.421324918
0.421789617
0.422380752
0.422907612
0.421263584
0.422182529
0.421559796
0.422779297
0.421089858
0.421447301
0.42101111
0.421638935
0.422190969
0.422589433
0.421292464
0.421166375
0.421381575
0.422066055
0.422571625
0.420943688
0.421627785
0.421473274
0.422517507
0.42076759
0.421054708
0.420754197
0.421122897
0.421405628
0.422405923
0.420501089
0.420917589
0.421562504
0.42237191
0.420857863
0.42111518
0.421433757
0.422155529
0.42045672
0.421178124
0.420960417
0.422076663
0.420315727
0.420635657
0.420989269
0.422012734
0.420052832
0.420638952
0.421004551
0.421957168
0.42021265
0.420430446
0.421293492
0.421685559
0.420073608
0.420926712
0.420411245
0.421571987
0.419837377
0.420417354
0.420444502
0.421641962
0.419791557
0.419936406
0.420059194
0.420864387
0.421497074
0.419705751
0.420218569
0.420226787
0.421407559
0.419494347
0.419831392
0.420323296
0.420429615
0.421051207
0.419600345
0.420721611
0.419574606
0.421154458
0.419219064
0.420518347
0.421133129
0.419225362
0.419907586
0.420029132
0.421006339
0.419070459
0.419794491
0.420105098
0.420937994
0.419007539
0.419343443
0.419935852
0.419741462
0.420810732
0.418908605
0.419456472
0.419571827
0.420772494
0.418839223
0.419221211
0.42009955
0.420479548
0.418891999
0.420020668
0.418921631
0.420619723
0.418595764
0.419658453
0.420515399
0.418440253
0.418593932
0.419808868
0.420295831
0.418593495
0.419892316
0.418596388
0.420145322
0.418209491
0.418609138
0.41922262
0.419088283
0.420139563
0.418211035
0.418743704
0.418890029
0.420099702
0.418087164
0.418538316
0.418812231
0.41998661
0.417903664
0.41842897
0.419080318
0.418663915
0.419762941
0.417931378
0.419276387
0.417962649
0.419899598
0.417865968
0.418660351
0.419791693
0.41767927
0.417678151
0.41792754
0.418533621
0.418690083
0.419475781
0.417720831
0.418603254
0.418016163
0.419520214
0.417367535
0.418662654
0.419430852
0.417453903
0.417849448
0.418141011
0.419177473
0.417346784
0.418682813
0.417374759
0.419153924
0.417117891
0.417548285
0.418874429
0.417000692
0.418515692
0.416995515
0.417924264
0.417940495
0.418941476
0.41739038
0.417123974
0.417686733
0.418695071
0.416984958
0.417314662
0.417946185
0.418566763
0.417062413
0.418248196
0.416853365
0.418543653
0.416559577
0.416829382
0.417624802
0.417240012
0.418547421
0.416508663
0.416770901
0.417281082
0.417234079
0.418293743
0.416503135
0.417478843
0.416566953
0.418181132
0.416135167
0.416301278
0.416249881
0.416739321
0.417868532
0.416382213
0.417822919
0.41621697
0.418227086
0.416061512
0.417005021
0.418036212
0.41608379
0.41654312
0.41694116
0.417848061
0.416005164
0.416635445
0.416359962
0.417653986
0.41575817
0.416816438
0.416253354
0.417721611
0.415715704
0.41585485
0.416435379
0.417076666
0.416015474
0.416813209
0.415971131
0.417306141
0.415544655
0.417127063
0.41530319
0.415811098
0.416138161
0.416299066
0.416337331
0.41683912
0.41584575
0.416868538
0.415513551
0.417051812
0.415033913
0.415497599
0.416161669
0.415748273
0.416891166
0.415053547
0.416717616
0.414817549
0.415035287
0.415610513
0.415672653
0.416902997
0.414702376
0.415438113
0.415344938
0.41662602
0.414699966
0.415633358
0.415524315
0.41660351
0.414942298
0.414740905
0.415428974
0.416266497
0.414845388
0.415820203
0.414821728
0.416101777
0.414517231
0.416278906
0.414234364
0.414517025
0.415052037
0.415800135
0.414679551
0.415745773
0.414364118
0.415679724
0.414188326
0.416153047
0.41389133
0.414747322
0.416108387
0.413873102
0.414458264
0.414595515
0.415931099
0.413834974
0.414442469
0.41480344
0.415761208
0.41388963
0.414670682
0.414057685
0.415450823
0.413531522
0.413918549
0.414710869
0.414164276
0.415396775
0.413595467
0.414979641
0.413379935
0.414089545
0.413918274
0.415163918
0.413366735
0.414457355
0.413547646
0.415133549
0.413074552
0.413437684
0.414209667
0.413573163
0.415021994
0.412973213
0.414397603
0.412942653
0.414935207
0.412794045
0.412950001
0.413554285
0.414631785
0.412970205
0.41410513
0.412975563
0.414564807
0.41251956
0.412941149
0.413703462
0.413068334
0.414535463
0.412362333
0.413222141
0.412918408
0.414427573
0.412215292
0.413358069
0.413050379
0.414289497
0.412561359
0.412466988
0.413055908
0.414090256
0.412388864
0.413313633
0.412570791
0.413996336
0.412009593
0.413386525
0.412019256
0.414000364
0.41177411
0.411979867
0.41300659
0.412376484
0.413548051
0.411846403
0.411945129
0.41251871
0.412413974
0.413531906
0.411732837
0.413163618
0.411620037
0.413473245
0.411451321
0.411697152
0.412204995
0.413122705
0.411712252
0.412952669
0.411495796
0.412877122
0.411299674
0.413190447
0.411053433
0.411290321
0.411760229
0.411790808
0.41300122
0.411083593
0.412816546
0.410836231
0.411674742
0.411412843
0.412411763
0.411171099
0.412416696
0.410934973
0.412541433
0.410543695
0.412014494
0.410668179
0.412551129
0.410363507
0.410732954
0.411694899
0.411034752
0.412304766
0.410412793
0.41163855
0.410457654
0.412208208
0.410162405
0.410765811
0.410890534
0.412013505
0.410469993
0.411571423
0.410399151
0.411942297
0.410023871
0.411621725
0.409831478
0.411936384
0.409806593
0.410336682
0.410461784
0.411135968
0.410493692
0.411517692
0.410033591
0.411267673
0.409787727
0.411713864
0.409454994
0.409824329
0.41069346
0.409973525
0.411490647
0.409397562
0.410350329
0.409756362
0.411093066
0.409435036
0.411357473
0.409136699
0.409362296
0.410075125
0.409818612
0.411137987
0.409149191
0.411119285
0.409019541
0.40916308
0.409836182
0.410736171
0.409378875
0.410602046
0.409117637
0.410709092
0.40873976
0.410630165
0.408602425
0.409262542
0.409233234
0.410450468
0.408835476
0.410316538
0.408560554
0.410231715
0.408339828
0.409205736
0.408971411
0.410002702
0.408714659
0.410066322
0.408417832
0.410182324
0.408015985
0.409636276
0.408125814
0.41018853
0.407868016
0.408266283
0.408851092
0.409875845
0.408421842
0.409731417
0.408143553
0.409644124
0.407900719
0.409954839
0.407579788
0.408254471
0.40850027
0.409041117
0.408495012
0.40948939
0.408037931
0.40947459
0.407635779
0.409651474
0.407261446
0.40778627
0.408313835
0.409038129
0.408079874
0.409073549
0.407792148
0.409190888
0.407385574
0.409165472
0.407048304
0.408736929
0.406971914
0.409103989
0.40674879
0.407225991
0.407836252
0.408635311
0.407612978
0.408673531
0.40732865
0.408792958
0.406915008
0.408968886
0.406500589
0.40723787
0.407436946
0.408172479
0.407362272
0.408417681
0.407074429
0.408731642
0.406553957
0.408692806
0.406168151
0.406954362
0.407113036
0.407903408
0.407020038
0.408149714
0.406720473
0.408258151
0.40636105
0.408363
0.405957793
0.406775898
0.406799165
0.407634144
0.406705306
0.407875153
0.40638632
0.407783259
0.406152468
0.408101622
0.405685257
0.406663985
0.406328018
0.40755065
0.406100356
0.407609312
0.405821453
0.407920953
0.405361287
0.406178169
0.40637304
0.407133096
0.406256311
0.407387469
0.405939507
0.407490064
0.405558808
0.407582709
0.405211208
0.405761092
0.406188175
0.406894993
0.406053914
0.407141357
0.405735118
0.407242758
0.405341028
0.407338653
0.404941693
0.405740545
0.405735715
0.406609957
0.405656075
0.406867576
0.405332659
0.407174254
0.404772194
0.407119029
0.404619078
0.405293146
0.405489436
0.406106866
0.405574831
0.406591438
0.405225557
0.406696354
0.404805288
0.406863933
0.404431125
0.405097812
0.405246788
0.406362804
0.404959302
0.406413326
0.404631297
0.406507483
0.404225284
0.405574227
0.404560025
0.406293025
0.404166891
0.406182882
0.403979061
0.404779638
0.404958857
0.40576149
0.404854508
0.406028425
0.404509801
0.406313324
0.403913633
0.406251109
0.403806571
0.40442729
0.404570032
0.405564898
0.404400661
0.405815291
0.404047939
0.406108137
0.403544467
0.40431546
0.40449627
0.405602757
0.40418109
0.405653383
0.403823801
0.405739391
0.403391793
0.404935158
0.403605692
0.405306884
0.403394574
0.40558021
0.403109853
0.404005991
0.404031229
0.405020279
0.403898038
0.405287539
0.403542409
0.405582781
0.403016993
0.403914943
0.403915651
0.404839741
0.403802773
0.405077847
0.403460187
0.40540806
0.402844164
0.404426603
0.403058318
0.404811926
0.402852444
0.405092113
0.402578948
0.403367419
0.403757723
0.404233622
0.403810446
0.404753506
0.403479694
0.405043484
0.402835941
0.404933651
0.402479987
0.403257198
0.403261038
0.404201704
0.403198621
0.404661378
0.402735681
0.404717597
0.402270819
0.403015645
0.40312804
0.404259434
0.402842218
0.404506236
0.402355528
0.404558811
0.401895477
0.40295574
0.402873797
0.403514568
0.403007118
0.404245295
0.402467524
0.404370474
0.401840616
0.404427313
0.401591643
0.402441946
0.402622128
0.403505297
0.402474738
0.403796257
0.402101815
0.404085836
0.401492171
0.402645069
0.402251142
0.403548741
0.402010883
0.403613513
0.401651847
0.403898219
0.401208547
0.402105631
0.402162718
0.403291477
0.401961783
0.403554489
0.401498526
0.403663598
0.400886492
0.402193595
0.401623271
0.402777558
0.401704618
0.403520977
0.4010346
0.40334515
0.400652654
0.401979366
0.401212393
0.402508491
0.4012449
0.403225696
0.400643969
0.403054622
0.40025287
0.401706847
0.400851891
0.401905509
0.401158248
0.402690111
0.400700933
0.402772217
0.400149215
0.401687644
0.400373758
0.402543268
0.399904831
0.402547511
0.399634149
0.40088067
0.400692333
0.401524771
0.400794113
0.402086786
0.400491111
0.402343976
0.399872964
0.402330055
0.399384426
0.400492325
0.400397341
0.401343281
0.400520841
0.401896665
0.399982101
0.401961842
0.399325712
0.40195595
0.398968826
0.400114706
0.39990449
0.400954742
0.400026705
0.401521876
0.399548628
0.401610175
0.398805866
0.401435031
0.398678051
0.399724748
0.399458465
0.400894308
0.399317534
0.400963626
0.399035048
0.401255441
0.398712866
0.401371744
0.398132401
0.399450342
0.399222794
0.400118176
0.399405447
0.400940523
0.399135979
0.401052674
0.398542155
0.40093536
0.397989713
0.399863342
0.398347012
0.400014848
0.398388732
0.400511208
0.398196887
0.400720578
0.397737291
0.399237191
0.398592577
0.39954143
0.398891183
0.400351321
0.398699297
0.4005535
0.398118539
0.40042516
0.397567715
0.400484115
0.397150366
0.398549396
0.398619592
0.399361642
0.39865665
0.39993687
0.398638981
0.400138939
0.398237418
0.400228047
0.397655247
0.400110853
0.397118952
0.400002698
0.396831033
0.398086792
0.39806211
0.399443529
0.397842022
0.399511155
0.397835379
0.39971711
0.397456145
0.399809218
0.396875139
0.399691291
0.396561215
0.398299444
0.397484165
0.398573238
0.397627338
0.399220896
0.397568558
0.399614397
0.396928009
0.399449632
0.396353472
0.398805643
0.396174919
0.397748381
0.396946131
0.399233725
0.396554701
0.39941409
0.396065622
0.397301433
0.397075976
0.397966504
0.397363568
0.398686519
0.397237065
0.399065796
0.396567249
0.398909966
0.395929012
0.398771036
0.395607644
0.396886022
0.396837203
0.397614968
0.397422999
0.398693977
0.396956963
0.398545195
0.396545183
0.398618416
0.395805861
0.398458146
0.395229601
0.396394371
0.39668205
0.397266074
0.397393889
0.398125269
0.397141453
0.398489309
0.396472636
0.398332079
0.395827726
0.398183436
0.395205352
0.398205673
0.394566791
0.395627858
0.396227604
0.397387464
0.396351902
0.397594499
0.396106528
0.397964713
0.395443243
0.397814647
0.394807569
0.397673057
0.394268686
0.395974659
0.395343511
0.396390788
0.395907124
0.397238967
0.395625761
0.397605604
0.394954039
0.397455581
0.394311564
0.397314334
0.393810268
0.394980495
0.395563321
0.39613533
0.396233726
0.396975176
0.395902135
0.397085965
0.395411248
0.397220201
0.394603435
0.397030994
0.39390035
0.397021063
0.393367282
0.394021364
0.395436068
0.396190258
0.395424859
0.396334645
0.395159063
0.396454465
0.394696765
0.396493393
0.394022141
0.396482362
0.393202463
0.39642368
0.392737233
0.393265593
0.394067997
0.395229951
0.396240627
0.394308276
0.396025717
0.393622373
0.395998999
0.39278098
0.395827929
0.392248023
0.393056373
0.394652512
0.395243233
0.394354098
0.395107466
0.394374471
0.395379121
0.39406642
0.395313571
0.393793373
0.395450626
0.393267406
0.39548164
0.392573775
0.39535083
0.392090929
0.394301044
0.392628997
0.395065882
0.391924832
0.39514128
0.391626465
0.392601785
0.394079748
0.393353676
0.395079758
0.392792545
0.394989273
0.392278094
0.394717375
0.392032317
0.394860668
0.39156869
0.393864093
0.392473354
0.394437724
0.39202099
0.394900932
0.391363202
0.392282348
0.392489157
0.393202977
0.393784098
0.394527437
0.395117286
0.393744157
0.394960857
0.393099729
0.394827728
0.392473378
0.394699609
0.391870598
0.394382317
0.391655818
0.394765615
0.391114638
0.391753875
0.393803064
0.394441578
0.39308667
0.39435821
0.392671893
0.394244997
0.392274872
0.394330231
0.391633549
0.394012303
0.391321112
0.394368187
0.390602881
0.392475296
0.39383786
0.392172125
0.393730848
0.392190174
0.393931777
0.391679827
0.39400393
0.391056019
0.392835361
0.392261101
0.394161305
0.391039469
0.393391917
0.390822778
0.393858642
0.390290919
0.391937118
0.39171646
0.393455473
0.391281188
0.393417002
0.390982553
0.393514369
0.390420776
0.393543106
0.38991945
0.391064999
0.392048062
0.393010338
0.391854575
0.392927873
0.391796826
0.393104625
0.391494369
0.392981303
0.391222888
0.393060288
0.390682205
0.392915601
0.390272036
0.39185691
0.391089613
0.393044533
0.390100791
0.392736616
0.389401012
0.39182919
0.389832842
0.391949353
0.389633477
0.392162706
0.389371574
0.3922543
0.38898061
0.391351558
0.389580909
0.392020426
0.389028726
0.392160757
0.388492037
0.389496143
0.390737013
0.39071957
0.391875261
0.390334213
0.391824671
0.390029257
0.39190002
0.38947282
0.391561693
0.389210988
0.391648363
0.388723971
0.390916099
0.389062871
0.3916099
0.388271577
0.391547757
0.387679315
0.389320095
0.39070279
0.389707448
0.39118032
0.389246252
0.39079137
0.389415936
0.391198225
0.388719884
0.390304862
0.389441639
0.391283695
0.388294667
0.390796468
0.388004141
0.390888161
0.387461919
0.389465233
0.388287868
0.390514025
0.387597442
0.390146533
0.387423979
0.390391015
0.386850754
0.388834036
0.387966811
0.390244504
0.387117576
0.389751305
0.386861258
0.388814631
0.387852645
0.389989009
0.386886572
0.38937644
0.386547281
0.388471566
0.387635243
0.389350153
0.387077645
0.389384487
0.386353548
0.389007596
0.385983299
0.387983844
0.387112991
0.388945431
0.386363313
0.388853602
0.385664647
0.388134966
0.385887603
0.388423117
0.385364106
0.387430705
0.386432603
0.388291541
0.385851358
0.388320566
0.385044776
0.387616018
0.385267147
0.388110854
0.38456542
0.386827511
0.387954325
0.386286893
0.387358471
0.386682947
0.387773991
0.386382062
0.387748497
0.385786063
0.387369716
0.385530035
0.387375541
0.385018526
0.386338603
0.386221007
0.387465077
0.385058284
0.386832934
0.384507149
0.386607264
0.384185492
0.385606105
0.385378777
0.386394544
0.38474293
0.386388111
0.383990517
0.385176398
0.385292799
0.385956215
0.384570546
0.385909701
0.383728798
0.385337887
0.383492685
0.385413499
0.382855064
0.384199961
0.38393461
0.385010506
0.383066477
0.384748923
0.382479633
0.384342858
0.382251903
0.384499083
0.381530815
0.383165496
0.382796582
0.384008126
0.381729828
0.383344642
0.382052662
0.383738691
0.381459152
0.382431215
0.38252865
0.383414927
0.381582715
0.382903165
0.381013296
0.382424811
0.38078602
0.382369651
0.38008615
0.380918658
0.381283528
0.381981678
0.380312822
0.3810868
0.380332757
0.380911764
0.380426718
0.381023141
0.37961497
0.379875332
0.38071604
0.380646518
0.379491798
0.379794572
0.378833577
0.378941973
0.380041669
0.379450545
0.379167745
0.379206118
0.377991677
0.3783215
0.377950224
0.378440231
0.377071225
0.377336691
0.378015298
0.377992232
0.376561101
0.377100093
0.37615784
0.376450572
0.377063664
0.376665855
0.37604257
0.376072762
0.375710724
0.375412576
0.37693036
0.375844435
0.376033305
0.375412355
0.374795612
0.374388997
0.375901812
0.374679285
0.374179801
0.37361569
0.374970313
0.373654506
0.373654249
0.372735685
0.373520179
0.372362349
0.373096312
0.371780682
0.374547552
0.372108382
0.373191977
0.371170819
0.372619268
0.370731757
0.372584922
0.37044129
0.372010304
0.369908014
0.371953939
0.369607321
0.371341398
0.368959985
0.371128191
0.36877153
0.370387774
0.368287874
0.371173733
0.367994187
0.369588422
0.367120958
0.369163291
0.367339997
0.366922751
0.366047383
0.366848044
0.365827878
0.367654161
0.365282195
0.365999692
0.364449114
0.364436998
0.363567874
0.364805305
0.363307167
0.363787595
0.362512711
0.365783598
0.362792195
0.364180538
0.362943637
0.362783002
0.362014011
0.36195527
0.360906063
0.365844928
0.361456715
0.364404187
0.360729618
0.362208056
0.360385532
0.360203082
0.359368245
0.35920998
0.358454315
0.360130487
0.358723191
0.361033321
0.358099546
0.358924356
0.35704713
0.35687081
0.355851367
0.355321614
0.354748487
0.356830461
0.354844328
0.356322608
0.354870186
0.354592038
0.3543023
0.354031616
0.353775764
0.353534713
0.353334053
0.353018039
0.352706461
0.352523655
0.356390598
0.35272084
0.356254357
0.352185154
0.354425726
0.352898975
0.352928986
0.353277366
0.353601842
0.353858979
0.354164841
0.354180738
0.354195886
0.354207819
0.35473478
0.354901753
0.35517326
0.355299747
0.356134055
0.356016889
0.356690179
0.356646642
0.357637896
0.357413222
0.359613362
0.358593492
0.358461657
0.356616085
0.355472385
0.354226109
0.354716741
0.354380429
0.354794454
0.355078754
0.356198709
0.356034775
0.357021325
0.356197403
0.355216203
0.353452462
0.353298133
0.352685859
0.353667873
0.353480779
0.354450866
0.35426283
0.354714349
0.353782614
0.352856667
0.351934125
0.351192497
0.352098361
0.352836732
0.353446053
0.355497819
0.355273138
0.357061835
0.355427304
0.358154601
0.355527312
0.357175259
0.35316072
0.351519156
0.350932396
0.35117866
0.352217977
0.353124321
0.353751451
0.356018814
0.355614831
0.35748461
0.355577196
0.356595156
0.353876631
0.35601662
0.353071687
0.352406228
0.351680658
0.35212671
0.352909762
0.353918292
0.354343707
0.355591983
0.354512091
0.353752593
0.351555443
0.351599474
0.351853815
0.352631913
0.353621738
0.355803724
0.355419919
0.357134443
0.355197798
0.355539086
0.352946766
0.353792297
0.352161503
0.352180699
0.352216109
0.353043761
0.353454478
0.354107724
0.352443249
0.352343656
0.351737883
0.351596954
0.351995423
0.353120512
0.353517151
0.354195922
0.353648615
0.355505856
0.352618023
0.352271465
0.35094043
0.351348182
0.352460426
0.353533142
0.354199168
0.356758197
0.355981945
0.357666503
0.355600473
0.356440297
0.353583399
0.35447264
0.352928595
0.353229515
0.352677037
0.35235628
0.353516057
0.355268204
0.355112372
0.357193874
0.3554594
0.35546881
0.353148943
0.353258495
0.353553483
0.354381298
0.355329138
0.355635412
0.358241839
0.356125051
0.355333593
0.353150885
0.353853605
0.35369276
0.354542909
0.354682342
0.356865005
0.355038978
0.35553179
0.352858856
0.353313446
0.354204791
0.356224114
0.355246264
0.35542844
0.35381559
0.354109211
0.354162081
0.356278503
0.355034228
0.354946872
0.353184915
0.354411877
0.354532309
0.355663026
0.353323154
0.353830617
0.354078244
0.355558908
0.355647716
0.358226668
0.355645134
0.356697015
0.353549803
0.353979474
0.354190998
0.355322882
0.355697252
0.358840455
0.357423715
0.359885403
0.356549215
0.356043668
0.353780012
0.354824399
0.355338332
0.357055338
0.355917486
0.356432231
0.354600156
0.356034123
0.35506157
0.355243269
0.353165035
0.353984961
0.355082823
0.356481621
0.356746955
0.358716438
0.356223366
0.357002942
0.353860001
0.354753456
0.354677231
0.355821078
0.356014088
0.35887234
0.357147703
0.356574955
0.355155847
0.356264589
0.357227065
0.360850981
0.358128426
0.358744266
0.356035191
0.356797226
0.355649308
0.356862704
0.357189059
0.359034883
0.356847242
0.357622209
0.354440751
0.355505782
0.356061821
0.357033274
0.357657457
0.359519991
0.357444026
0.359042499
0.356080569
0.35784784
0.35572654
0.356548819
0.357795737
0.359299339
0.35828133
0.359983928
0.357134981
0.358147317
0.357543404
0.358484862
0.360367282
0.357819334
0.360663228
0.355753511
0.357095366
0.355794094
0.356983899
0.357247445
0.358408135
0.356800157
0.35792087
0.35743735
0.358552098
0.358358101
0.360081583
0.358953706
0.361783475
0.358851161
0.368286423
0.360704733
0.364046065
0.359209469
0.360259135
0.354476197
0.35662214
0.355813594
0.356051653
0.355949403
0.355930709
0.356133897
0.354996656
0.356244655
0.353822846
0.363734135
0.357110011
0.361449934
0.355677118
0.360630361
0.358470672
0.357515581
0.353277303
0.355494534
0.354223154
0.355555529
0.355317977
0.355623119
0.355624137
0.356087687
0.355095753
0.359259354
0.356249932
0.364195485
0.357881519
0.362137691
0.357316734
0.360419722
0.35656677
0.359820862
0.357547405
0.358691729
0.355217633
0.358591409
0.357260883
0.357894748
0.358132247
0.358424453
0.358806115
0.358561537
0.359969218
0.357832189
0.36873084
0.363719055
0.363204153
0.358687674
0.362010576
0.358324376
0.360854348
0.35801574
0.360433289
0.357923947
0.364355976
0.362542469
0.360010828
0.357315777
0.362291516
0.361855222
0.362422706
0.358913439
0.36295345
0.360113625
0.363611975
0.363064658
0.361686389
0.358810662
0.363090407
0.360293669
0.362281087
0.361127863
0.362205438
0.361565239
0.36198432
0.361286297
0.362208061
0.360824623
0.37200307
0.367595326
0.365210862
0.361648289
0.364513051
0.361400572
0.363362448
0.361093625
0.362660093
0.360642271
0.365710379
0.36524975
0.361886686
0.36059336
0.366570776
0.366211918
0.362060241
0.360841247
0.363130136
0.361305267
0.364139882
0.361898934
0.366104321
0.364671155
0.36801859
0.367675623
0.362991797
0.3617191
0.364027057
0.362646551
0.36716115
0.36744901
0.363585377
0.362010437
0.364987404
0.36336602
0.366578693
0.367515351
0.363680869
0.362652084
0.366651065
0.365983331
0.365364829
0.363714187
0.368978837
0.369638946
0.364322393
0.363529351
0.368157425
0.370007735
0.364227478
0.363821693
0.365166785
0.36485186
0.366824558
0.369660256
0.36416526
0.364081294
0.365353603
0.365309863
0.367744217
0.370942158
0.364628236
0.365584606
0.366066625
0.367690956
0.365806376
0.367714146
0.366843479
0.371728869
0.364333647
0.36534406
0.365817952
0.369100132
0.366048695
0.372823865
0.363592872
0.365230703
0.364893501
0.368309577
0.365316993
0.372987831
0.363517803
0.367527202
0.36413865
0.36507214
0.365289047
0.373644641
0.36404978
0.367546056
0.364183179
0.365769351
0.365727898
0.374196062
0.363634197
0.367252082
0.364053583
0.364853817
0.36545514
0.373371295
0.363800194
0.366758608
0.3643704
0.366261744
0.365551095
0.373377272
0.363732918
0.366486115
0.364516534
0.367425316
0.364882797
0.365617376
0.367230363
0.37269547
0.364593293
0.366125584
0.366188658
0.373935819
0.364153579
0.365919838
0.365499044
0.367667896
0.365855214
0.370605731
0.365241109
0.366587982
0.366688618
0.37421805
0.364751465
0.366628609
0.366020129
0.368161291
0.366339729
0.366542238
0.368807079
0.37410884
0.365965128
0.366733459
0.36787363
0.374664962
0.365585526
0.367857282
0.366708665
0.368030958
0.367495659
0.368842949
0.368051395
0.374395905
0.366358295
0.367835174
0.367505286
0.368611411
0.368221227
0.37473056
0.366453728
0.368230569
0.367491525
0.368914285
0.36797648
0.374064987
0.366712351
0.368601383
0.367585101
0.368618221
0.368337512
0.375411576
0.366533167
0.368150541
0.367505315
0.368978518
0.367899772
0.369686338
0.3680453
0.36859565
0.367759083
0.367880319
0.367375549
0.367473758
0.367019452
0.367467463
0.367812031
0.369059224
0.369207163
0.376832974
0.366946109
0.369493572
0.367425236
0.369479976
0.367636802
0.368890033
0.368027338
0.37144429
0.367463358
0.36812636
0.367301685
0.367814081
0.366942861
0.367265756
0.366821199
0.367558189
0.368455119
0.371090088
0.367818881
0.368233752
0.367602521
0.367978849
0.367204496
0.367582025
0.367042083
0.367901535
0.368447736
0.370719327
0.368112998
0.368521806
0.367358771
0.367811559
0.367132678
0.367697767
0.367555908
0.368543709
0.368540557
0.369911352
0.368635893
0.36891841
0.367859546
0.368182884
0.367592123
0.368011084
0.367974314
0.368511258
0.369008679
0.369509442
0.368498144
0.368900542
0.368053517
0.368405846
0.368388357
0.368888944
0.369331681
0.369876237
0.368826063
0.369221323
0.368323103
0.368698542
0.368637629
0.369190843
0.369541316
0.369891914
0.369119675
0.369569065
0.369154312
0.369622777
0.369181359
0.369677295
0.369206935
0.369733053
0.370051934
0.370092278
0.369194099
0.369528703
0.369457199
0.369990268
0.370315328
0.370672285
0.369873641
0.370317585
0.369867342
0.370343383
0.369857202
0.370418866
0.370681015
0.370693579
0.369816514
0.370083992
0.370074762
0.370664104
0.37088397
0.370840828
0.370574385
0.370905747
0.371378331
0.371224293
0.370430077
0.370554724
0.37070007
0.371118301
0.371483182
0.371767834
0.371850617
0.371640437
0.370841088
0.371431781
0.371751929
0.371558881
0.371372426
0.371599015
0.372133226
0.371829977
0.371106716
0.371138207
0.372183083
0.371804595
0.371758511
0.371852186
0.372503396
0.372468945
0.372791235
0.3722964
0.371679449
0.371465768
0.371827358
0.371934211
0.372523417
0.372450099
0.372805589
0.372078764
0.371640915
0.372094539
0.372516936
0.372441295
0.372764934
0.372272862
0.372264559
0.372259463
0.372128225
0.37221623
0.372005832
0.372177617
0.371940169
0.372586358
0.371726792
0.372215609
0.371652078
0.372666045
0.371414336
0.372682729
0.371193082
0.372714951
0.371082271
0.372393898
0.371057578
0.372487077
0.370992974
0.372199747
0.37115268
0.37261981
0.371110489
0.372016993
0.371266792
0.37208453
0.371420452
0.372153259
0.371590629
0.372523533
0.371749607
0.372441233
0.371851087
0.372058931
0.372122644
0.372179077
0.372235689
0.37233331
0.372474331
0.372289446
0.372537276
0.372449852
0.372541134
0.372681629
0.372511727
0.372780216
0.372695472
0.372784953
0.372934956
0.372846136
0.372961181
0.373095179
0.372999662
0.373433342
0.373074753
0.37354269
0.37314934
0.373652704
0.373224126
0.373763319
0.373307166
0.374340702
0.37332762
0.374398648
0.373357201
0.374462909
0.373391648
0.374525909
0.373438966
0.374233795
0.373519677
0.374094535
0.373749078
0.374430287
0.373805912
0.374506755
0.373886185
0.374589551
0.373973243
0.374487806
0.374250793
0.374862479
0.374340352
0.374952509
0.374433289
0.375046646
0.374529254
0.375144497
0.374638926
0.375136403
0.375034538
0.375123339
0.375210414
0.375318443
0.375457186
0.375436214
0.375627243
0.375657331
0.375895727
0.375694256
0.375895225
0.375674783
0.375896602
0.375660194
0.375905089
0.375665533
0.375817634
0.375800308
0.376044289
0.375789957
0.376064569
0.375785171
0.376089299
0.375785828
0.376011026
0.375966746
0.376091245
0.376011755
0.37629981
0.375978237
0.376302832
0.37595628
0.376193008
0.376124203
0.376258345
0.376121673
0.376303111
0.376192078
0.376402792
0.376328221
0.37649644
0.376375938
0.37662912
0.376579876
0.376730206
0.376611121
0.376809893
0.376720005
0.37695823
0.37688916
0.377068531
0.37695507
0.377168773
0.377100531
0.377244165
0.377100833
0.377295983
0.377178666
0.377368338
0.377260413
0.377433942
0.377279225
0.377367085
0.377452924
0.377778516
0.377376407
0.377693737
0.377342823
0.377625933
0.377223864
0.377540584
0.377175134
0.377479486
0.377161727
0.377431758
0.377059889
0.377219268
0.377165067
0.377128148
0.377092168
0.377145744
0.376922487
0.3771598
0.376849633
0.37712681
0.376805767
0.377014705
0.376952011
0.376931927
0.376906564
0.376882864
0.376868969
0.376892965
0.376699877
0.376707295
0.376702036
0.376704401
0.376495895
0.376473351
0.376426931
0.376409271
0.376179097
0.37614832
0.376106396
0.376097997
0.375860902
0.375787196
0.375699764
0.375661815
0.37540159
0.375336545
0.37524361
0.37522187
0.374975121
0.374923837
0.374673984
0.37477094
0.37448823
0.374716946
0.374588372
0.374848059
0.374604224
0.375009673
0.374748784
0.375143104
0.374842935
0.375342524
0.374924376
0.375168938
0.374873287
0.375035206
0.374840101
0.375004691
0.374808612
0.374976176
0.374779173
0.374948018
0.374584053
0.374688609
0.374421177
0.374521543
0.37432096
0.374370831
0.374228393
0.374257515
0.3740849
0.373997308
0.37440121
0.375248872
0.375730571
0.376184604
0.375646203
0.376328444
0.375416866
0.376193902
0.375440279
0.376239016
0.375522796
0.376060768
0.375498693
0.375871323
0.375381144
0.375558353
0.375238247
0.37533625
0.375106422
0.37513873
0.374937628
0.374878583
0.374745511
0.37503383
0.376013872
0.376386761
0.376957203
0.376219097
0.376949225
0.376015788
0.376496273
0.37594417
0.376220653
0.375782769
0.375843197
0.375598181
0.375583339
0.375383981
0.375299817
0.375178015
0.37546006
0.376384162
0.376755189
0.377296131
0.377336209
0.377819289
0.376685378
0.377142105
0.376568663
0.376842172
0.376348554
0.376383997
0.376134161
0.376081064
0.37585814
0.375694065
0.375582537
0.375849437
0.376511964
0.377154139
0.377529595
0.377736362
0.377990214
0.37700661
0.377333007
0.376830771
0.376973908
0.376611479
0.376586544
0.376363332
0.376212464
0.376050053
0.375986897
0.376202875
0.376813419
0.377303673
0.377728337
0.377976332
0.378150367
0.377183268
0.377418352
0.376876388
0.376846554
0.376608275
0.37644974
0.376285489
0.376281315
0.376411732
0.376596692
0.377268985
0.377855966
0.378144627
0.378369409
0.37849329
0.377515121
0.377732276
0.377179233
0.377142009
0.376893251
0.376728495
0.376570689
0.376555667
0.376716837
0.376851113
0.377527389
0.378024368
0.378494341
0.378399612
0.37867174
0.377901648
0.378507681
0.377536122
0.377773617
0.377179416
0.377170725
0.376926254
0.376730544
0.376547683
0.376451342
0.376639476
0.376905807
0.377805234
0.377974947
0.378391289
0.378377871
0.378811217
0.377997533
0.378367516
0.37753094
0.377666757
0.37717053
0.377079456
0.37678339
0.376631496
0.376385983
0.376279888
0.376434128
0.376638652
0.3775753
0.378251089
0.378288076
0.378722823
0.378010478
0.378353111
0.377535109
0.377705751
0.377206179
0.377141837
0.376836577
0.376684208
0.376442567
0.376263156
0.376246271
0.37636257
0.376583761
0.377187976
0.376483608
0.377938745
0.376968647
0.378231222
0.376269653
0.377169957
0.375792328
0.376665087
0.375390478
0.375735629
0.375026387
0.375631734
0.374716308
0.375342024
0.374419606
0.375071752
0.374287964
0.375223205
0.374123663
0.375169493
0.373954521
0.375029942
0.373828624
0.37494421
0.373776103
0.374588331
0.373691213
0.374221706
0.373556004
0.374058271
0.373446367
0.373943756
0.373367571
0.373863618
0.373316966
0.373813515
0.373291635
0.373790155
0.373288907
0.373790596
0.373306356
0.373812162
0.373341776
0.373852412
0.373393157
0.373909119
0.373458666
0.373980249
0.373536627
0.374063948
0.373457558
0.374015492
0.372863256
0.373563907
0.37231653
0.372368614
0.371025524
0.371269046
0.369871638
0.370224526
0.368894523
0.36863826
0.36827663
0.368203562
0.368154848
0.368257791
0.368437725
0.368357398
0.36887749
0.368742721
0.369305552
0.369241799
0.369815854
0.369826053
0.370400829
0.370099377
0.370575381
0.370215436
0.370757367
0.370507896
0.371071929
0.370926503
0.37149697
0.371441487
0.372007186
0.371800717
0.372075993
0.370930032
0.371382667
0.370290185
0.370794706
0.369500013
0.369984059
0.368344834
0.369002254
0.367479238
0.367305457
0.366811145
0.366489181
0.366166257
0.365900197
0.365664924
0.365462789
0.365288631
0.365140143
0.365032702
0.364680734
0.364327127
0.364257263
0.364330573
0.36419925
0.363838922
0.363838886
0.363577644
0.363379142
0.363163374
0.362949604
0.362733005
0.362514625
0.362294321
0.362072136
0.361848059
0.361622101
0.361394273
0.361164593
0.36095789
0.360782616
0.360607402
0.360427068
0.360233028
0.360176475
0.359921483
0.359955066
0.359372893
0.359404986
0.359167097
0.359010384
0.358867211
0.358753362
0.358305381
0.358193213
0.358015687
0.357901963
0.357436608
0.357319612
0.357115582
0.357008067
0.356530982
0.356324095
0.356108522
0.355995794
0.355481956
0.355360835
0.3551123
0.354910678
0.354719641
0.354884805
0.354382926
0.354421491
0.353658046
0.353887236
0.352613482
0.353668911
0.351657477
0.352295429
0.350465948
0.351430608
0.348292264
0.349952775
0.34640758
0.348240524
0.344723406
0.346664903
0.343199094
0.345229415
0.341821955
0.342982456
0.340561774
0.341186048
0.339470947
0.339977374
0.338374448
0.338934172
0.337339042
0.338324288
0.336235717
0.337399369
0.335173526
0.336078247
0.334484242
0.333994132
0.33283487
0.332328135
0.331610589
0.330673649
0.330298816
0.329303387
0.329207974
0.328317811
0.328180188
0.327791561
0.327552622
0.327310874
0.327154072
0.326731977
0.327152249
0.326231286
0.326662829
0.325703894
0.326055828
0.325191806
0.325434163
0.324706607
0.324821358
0.324221008
0.32405063
0.323399748
0.323379332
0.323112448
0.32287698
0.322529605
0.322296614
0.322062457
0.321779024
0.321670452
0.321379556
0.321383259
0.321256032
0.321161165
0.321113953
0.321146664
0.321219374
0.320791735
0.320801769
0.320429379
0.320372362
0.320063828
0.319935999
0.31969839
0.319490593
0.31976893
0.319451019
0.319255902
0.318859398
0.31967554
0.319583494
0.319986095
0.32116015
0.32554233
0.327155328
0.330509117
0.325832103
0.32810344
0.322551011
0.324972635
0.320518562
0.323381145
0.319282716
0.322550958
0.318437821
0.322063925
0.317796681
0.321738507
0.317438077
0.321469179
0.317130403
0.321263987
0.316869877
0.321114817
0.316649077
0.321013023
0.316491952
0.318987551
0.315716162
0.318687887
0.315437702
0.318303848
0.315135714
0.317919343
0.314837851
0.317577645
0.314287065
0.316792509
0.314123984
0.317071947
0.314230751
0.317698752
0.314674395
0.319068627
0.314666409
0.319429901
0.31437947
0.316667961
0.313771621
0.3158586
0.313504645
0.315447275
0.313335075
0.315209336
0.313219652
0.315081949
0.313336626
0.317767156
0.31465248
0.319836939
0.314813747
0.32037263
0.315040896
0.321133835
0.315802423
0.320625964
0.315589451
0.317989408
0.314899376
0.318074584
0.314964466
0.316940158
0.314595952
0.316451328
0.314399495
0.316180155
0.314275539
0.316020929
0.314196007
0.315938244
0.314150264
0.315895883
0.314197884
0.316894484
0.314649358
0.318046853
0.315534247
0.318705158
0.315668732
0.318750631
0.315215789
0.318645968
0.315768514
0.318986221
0.316403489
0.319186589
0.316296609
0.318867494
0.315573065
0.31839105
0.315503824
0.318808601
0.315733085
0.319587123
0.316108976
0.32010429
0.316404403
0.320607633
0.316704371
0.321142975
0.317536847
0.321787485
0.318363686
0.32210854
0.318223612
0.32178028
0.317319945
0.321234282
0.31791452
0.321359706
0.317990625
0.321215053
0.318007351
0.322050321
0.318276009
0.322281373
0.318397491
0.322440375
0.318517334
0.321694224
0.318426944
0.32163602
0.318506507
0.321718049
0.318628062
0.32284927
0.319991797
0.323692251
0.320253906
0.323852205
0.320352686
0.323946177
0.320446243
0.324070563
0.320556327
0.324233994
0.320686497
0.325321192
0.322261275
0.325675418
0.322737196
0.325285181
0.321208978
0.324939272
0.320765388
0.325071492
0.320943503
0.324683607
0.321069627
0.323574479
0.321014624
0.324332935
0.321386554
0.324693837
0.321673566
0.325022369
0.321957075
0.325361758
0.322245913
0.325714737
0.32250265
0.326075694
0.322755144
0.326447656
0.323050235
0.324448076
0.322656168
0.324074153
0.322575589
0.323882932
0.322537839
0.323749669
0.322515733
0.32365228
0.322504082
0.323582806
0.322500932
0.323536179
0.322504483
0.323464135
0.322496107
0.323436164
0.322499552
0.32342512
0.322508832
0.323426013
0.322523047
0.325663258
0.324195969
0.32615667
0.324300075
0.326102213
0.324276507
0.326008343
0.324246623
0.325931582
0.32422309
0.325880655
0.323329496
0.324020355
0.323014134
0.323878776
0.323004226
0.323887152
0.323028487
0.323914915
0.323059202
0.323948413
0.323093361
0.323985938
0.323130537
0.324027083
0.32317059
0.324071625
0.323213421
0.324119401
0.323245247
0.324168315
0.323270726
0.324219383
0.322988277
0.324248168
0.323037216
0.324403586
0.32314433
0.32374969
0.323041846
0.323684381
0.322795611
0.323689078
0.322870474
0.32382859
0.322983277
0.323981644
0.323101838
0.324125093
0.323223152
0.324268813
0.323345904
0.324412626
0.323460507
0.324555679
0.323551953
0.324703736
0.324722289
0.324821273
0.324692503
0.32539663
0.324779898
0.325228608
0.32462146
0.324964928
0.324433603
0.324704984
0.324254797
0.326566626
0.325886002
0.327130974
0.32626134
0.327112178
0.326654016
0.32700256
0.325368646
0.326513411
0.325182804
0.32643179
0.325103135
0.326379818
0.325040173
0.324497176
0.323129555
0.323390404
0.322614103
0.323277948
0.322617868
0.323334975
0.322458676
0.322199494
0.321778665
0.321863367
0.321577704
0.321658962
0.321432543
0.321480581
0.321494805
0.321336822
0.321339344
0.321122883
0.321177381
0.322118926
0.32163693
0.322397988
0.322042013
0.322545007
0.322238833
0.322593931
0.32182416
0.322499496
0.322082846
0.322524788
0.322850074
0.322440528
0.32310949
0.322186898
0.322482253
0.321788789
0.321026892
0.32148577
0.320870023
0.320292459
0.320162258
0.319895906
0.319878039
0.31962747
0.319751371
0.31940038
0.31952693
0.319146681
0.319306179
0.320004335
0.319694739
0.320163256
0.319632071
0.320202135
0.320818567
0.320295651
0.322065062
0.322373907
0.324594607
0.32395981
0.324573842
0.323408551
0.324170158
0.322744702
0.323764708
0.322126016
0.322633672
0.321445639
0.322232563
0.32103295
0.321877154
0.320643555
0.32153498
0.320265474
0.321203048
0.319897298
0.320880244
0.319555846
0.31879805
0.319189387
0.317240275
0.316947301
0.315937551
0.315634027
0.315387747
0.315305354
0.31512933
0.315045893
0.314898329
0.314796027
0.314669312
0.314549016
0.314439437
0.314303425
0.314208264
0.314058547
0.313975679
0.313813893
0.313776244
0.314564937
0.31400159
0.314668581
0.313887618
0.314683427
0.313764611
0.313614715
0.313229494
0.313256114
0.312966514
0.31296183
0.312738818
0.313697194
0.312938587
0.31377324
0.312820291
0.313765716
0.312689994
0.312657929
0.312155719
0.3122733
0.311857244
0.31195559
0.311634301
0.312688342
0.311839553
0.312757078
0.311721139
0.31274093
0.311572644
0.312706677
0.31145291
0.31155975
0.310902023
0.311154108
0.31059331
0.310820673
0.310386699
0.310993636
0.310309434
0.311464797
0.310361607
0.311502439
0.311284702
0.313377919
0.31560243
0.317194417
0.316862211
0.318631048
0.316576152
0.316563902
0.315999255
0.315945886
0.31479064
0.315360338
0.314403453
0.315016634
0.31407854
0.316198278
0.313894003
0.316081874
0.314394163
0.315955876
0.31407897
0.315665849
0.312955358
0.313918509
0.312593975
0.31339854
0.312275399
0.313124854
0.31199428
0.311631479
0.309639653
0.309877459
0.308111998
0.307366593
0.307120193
0.30673862
0.306496899
0.306210707
0.30593466
0.305716172
0.305630142
0.305577934
0.305479598
0.306001711
0.305478523
0.306395182
0.305810399
0.306436209
0.305632353
0.306374491
0.305430723
0.306300873
0.305250262
0.305272849
0.304567442
0.304263629
0.304004381
0.304076613
0.3038308
0.304556942
0.304182797
0.304961502
0.304175222
0.306028423
0.305559313
0.30775256
0.306714243
0.311449058
0.310594058
0.313413885
0.311240605
0.313355689
0.309950281
0.313148878
0.309577835
0.313105478
0.308399559
0.312186856
0.308104433
0.310673205
0.307754061
0.310574424
0.307494345
0.310478404
0.307248677
0.312732849
0.307875261
0.310284476
0.307184711
0.304811428
0.304084327
0.303586876
0.303341574
0.303021926
0.302749345
0.302503721
0.302225567
0.301945574
0.30168495
0.30142855
0.301210889
0.301318088
0.301287827
0.301830393
0.301419764
0.302148608
0.301288191
0.302072403
0.30105814
0.301974255
0.300833716
0.301876725
0.300619283
0.300137279
0.299822751
0.299525212
0.299257386
0.299077968
0.299226516
0.299396768
0.30066282
0.300428576
0.303357332
0.302650013
0.30596656
0.303990217
0.307740771
0.305227554
0.307842463
0.30565874
0.307771741
0.305349126
0.30776958
0.305057923
0.307774352
0.304768993
0.307914792
0.30448842
0.307939061
0.304352431
0.303871071
0.301505326
0.300696815
0.30021889
0.299826382
0.299578015
0.299306035
0.299024269
0.298741019
0.29847691
0.298218149
0.297966424
0.297720091
0.297478551
0.297306074
0.297329126
0.297280667
0.298040837
0.297868667
0.30047535
0.299112123
0.304444489
0.301068706
0.305057409
0.302431406
0.305143833
0.301362494
0.305486857
0.301386381
0.301559095
0.299425433
0.298837444
0.298081071
0.297722805
0.297321629
0.297023232
0.29675053
0.296472707
0.296207042
0.295955586
0.295697472
0.295983797
0.295876654
0.298061655
0.297537121
0.301702515
0.29895755
0.303367002
0.300096439
0.303620547
0.299490265
0.299876169
0.297890084
0.29785728
0.296564087
0.296419314
0.295910484
0.295570135
0.295285305
0.294975492
0.294722601
0.294496189
0.294226398
0.294341503
0.294320367
0.296636359
0.29631998
0.301410986
0.29845709
0.301902564
0.298906785
0.30208226
0.298804102
0.300021691
0.297298397
0.297153368
0.2961645
0.296276328
0.29512668
0.29493194
0.294434936
0.294054415
0.293759664
0.293596624
0.293269094
0.293032667
0.292769444
0.293130123
0.293040094
0.297198876
0.295816253
0.300172576
0.297089934
0.300644949
0.297508373
0.300842228
0.298016587
0.298592982
0.296139602
0.2957771
0.294883082
0.294778706
0.293845972
0.293943473
0.293254302
0.292954124
0.292593751
0.292352856
0.292015233
0.291775391
0.291485334
0.29133511
0.291496959
0.294256043
0.293750708
0.298661043
0.295719137
0.29899037
0.295534426
0.299297891
0.296182001
0.297084774
0.294731004
0.29433287
0.293510177
0.293312777
0.292754203
0.293176388
0.292594166
0.293086546
0.292288823
0.293707672
0.292727993
0.298738247
0.295226719
0.299137359
0.295746437
0.29675006
0.29417572
0.293808
0.292898556
0.292942015
0.292181038
0.292046299
0.291292045
0.291327735
0.290689859
0.290453927
0.290093801
0.289833435
0.289539741
0.289370901
0.289485086
0.292264789
0.291623202
0.296591394
0.293454679
0.296690169
0.293909438
0.296861332
0.294339381
0.294756437
0.292724305
0.293152624
0.291723693
0.291866748
0.291054481
0.291044948
0.290555992
0.29090185
0.290210928
0.290824544
0.289905813
0.290718741
0.289662096
0.293170004
0.291445029
0.296157891
0.292569107
0.29622862
0.292553537
0.292562141
0.291000148
0.291287477
0.290241058
0.290441082
0.289311402
0.289185004
0.288620084
0.288325988
0.288018661
0.287733326
0.287467678
0.287246411
0.287126675
0.289116934
0.28909568
0.294107021
0.291066548
0.294141308
0.291413478
0.294483483
0.291848773
0.292434431
0.290290133
0.290672717
0.289350491
0.28885709
0.288152296
0.288029604
0.287459233
0.287415299
0.286886035
0.286810499
0.286369116
0.286240386
0.285935175
0.287832741
0.287844935
0.292935438
0.290372718
0.292930757
0.290147632
0.293305304
0.290131409
0.291296369
0.289144097
0.2895555
0.288551901
0.288345502
0.287821762
0.287496937
0.286745753
0.287339468
0.286760325
0.287242766
0.28649215
0.288134236
0.286883983
0.292724066
0.289668929
0.292692646
0.288984973
0.290670335
0.288547275
0.28902289
0.287532993
0.287767286
0.286832591
0.286913556
0.285985546
0.286065293
0.285275825
0.28540966
0.284760336
0.284529493
0.284128485
0.283913627
0.28379655
0.285651946
0.28565825
0.290735536
0.287945065
0.29071455
0.288451037
0.290743424
0.287787567
0.288743721
0.287202905
0.287160372
0.28614573
0.287097004
0.285988792
0.287070876
0.285842192
0.286149461
0.285257478
0.285075898
0.284385275
0.2849053
0.284453208
0.285791552
0.284510094
0.286604545
0.284940819
0.290332351
0.287083032
0.290105298
0.286527237
0.286480883
0.285370723
0.286358987
0.285175921
0.286273584
0.28499239
0.286188075
0.284815616
0.286102012
0.284644602
0.286015164
0.284478513
0.285927385
0.284339326
0.286347819
0.284311994
0.285754033
0.284107611
0.285669531
0.283950844
0.285584884
0.283827088
0.286002334
0.283799164
0.285415748
0.283601589
0.285333259
0.283455386
0.284365647
0.282847374
0.283287584
0.281912803
0.281906855
0.28131118
0.281005376
0.280685262
0.280432712
0.280214774
0.280367128
0.280367134
0.283020717
0.282792985
0.286478886
0.283896542
0.286521547
0.283701207
0.286696816
0.283619988
0.284749033
0.283071106
0.28325111
0.281941796
0.281460633
0.281007672
0.281255356
0.28063075
0.281096747
0.280327029
0.28193494
0.281259354
0.286215918
0.282753251
0.286310606
0.282389683
0.282803277
0.281201265
0.281890915
0.280647155
0.280841181
0.280006876
0.280655677
0.279681504
0.28035664
0.279401235
0.28252137
0.280977624
0.285712302
0.281968455
0.285780321
0.281670946
0.282023996
0.280371857
0.280326034
0.279636141
0.279946885
0.27925065
0.279730409
0.27873257
0.27954003
0.278499851
0.281730201
0.280048206
0.284613276
0.280975516
0.284584069
0.28061616
0.281130151
0.279623615
0.281017734
0.279404882
0.280717535
0.278952949
0.279811147
0.278644598
0.279633902
0.278167008
0.278619191
0.277761516
0.279312604
0.278369493
0.28336886
0.279801168
0.283559665
0.279664617
0.281625916
0.279525924
0.280055385
0.278398138
0.27974942
0.278179214
0.27961824
0.277976892
0.279487866
0.277807484
0.279838603
0.278294597
0.2806587
0.278696562
0.282735371
0.279111017
0.280763031
0.278010552
0.279047415
0.277584756
0.278885651
0.277366187
0.278726009
0.277156809
0.278568029
0.277002676
0.279924806
0.278051575
0.281666453
0.278320182
0.279599823
0.277207069
0.277909701
0.276574714
0.277726667
0.276340206
0.278956707
0.27729014
0.280604881
0.277149336
0.278721501
0.276512827
0.27722683
0.275882023
0.277048725
0.275635005
0.276864898
0.275449798
0.278071929
0.276446499
0.27968965
0.276262905
0.277846434
0.275599412
0.276382787
0.274979242
0.276210012
0.274765468
0.276466441
0.274631726
0.277249549
0.274929298
0.277138565
0.274800841
0.277052026
0.274671089
0.276964008
0.27453909
0.276861297
0.274583039
0.276672367
0.274440627
0.27653197
0.274297254
0.276392488
0.274154272
0.276253769
0.274011657
0.276115759
0.273869386
0.275978409
0.273727438
0.275841208
0.273599202
0.275702486
0.273458264
0.275565177
0.273317579
0.27542837
0.273177161
0.275291798
0.273047009
0.275152435
0.272907721
0.275014206
0.272768668
0.274874826
0.272661061
0.274727549
0.272523236
0.274583055
0.272385671
0.274439167
0.272249321
0.274051576
0.27211534
0.273859693
0.271974194
0.273686404
0.271833235
0.273514874
0.271692964
0.27334492
0.271553329
0.273176416
0.271414278
0.273009248
0.271275766
0.272843314
0.271137753
0.272678523
0.271000201
0.272514789
0.270861894
0.272325421
0.270723945
0.272160381
0.270585635
0.271996446
0.270443613
0.271774729
0.270299676
0.271603408
0.270154707
0.271433568
0.270010303
0.271264954
0.269866419
0.271097469
0.269721729
0.270895796
0.269575864
0.270705828
0.269428515
0.270534174
0.269281184
0.270363842
0.269134366
0.270195873
0.268640272
0.270108908
0.268855693
0.269901463
0.268708898
0.269688605
0.268232568
0.269591379
0.268441568
0.269372256
0.267989437
0.26926409
0.268197762
0.269040477
0.267707506
0.268937054
0.267914769
0.268713799
0.267439313
0.268605961
0.267640242
0.268281096
0.267151017
0.268164089
0.267030846
0.268000825
0.266890319
0.267839918
0.26674949
0.267679033
0.266608451
0.267518188
0.266467234
0.267357404
0.266325865
0.267201435
0.265912999
0.265956846
0.265189383
0.265791872
0.265273598
0.266746257
0.266195812
0.268021586
0.265910537
0.267994704
0.265792832
0.266315723
0.265140357
0.265056035
0.264646462
0.266015211
0.265471467
0.267296825
0.265248411
0.265637516
0.264545882
0.265546722
0.264392956
0.265394709
0.264277179
0.265237172
0.264774748
0.266548731
0.264548954
0.264914861
0.263885199
0.264811822
0.263730018
0.264652846
0.263579658
0.264493405
0.263430033
0.264333872
0.263280997
0.264173944
0.263172873
0.263780756
0.263031811
0.263583898
0.262877908
0.263363595
0.262743463
0.264756607
0.26317689
0.264816762
0.263067488
0.26319489
0.262389516
0.262861522
0.262253646
0.262654603
0.262094163
0.262454393
0.261936567
0.262256348
0.261780872
0.262060462
0.261626798
0.261866422
0.261494768
0.263211624
0.261911752
0.263003453
0.261807059
0.261498325
0.260678792
0.260387848
0.260170783
0.260138615
0.260489943
0.262423205
0.261222627
0.262173302
0.260486599
0.260806293
0.26041493
0.260601451
0.260260765
0.260409236
0.260107543
0.260218819
0.259955736
0.260029845
0.259820696
0.261304501
0.260233355
0.261150204
0.259577958
0.258806531
0.258729558
0.258546033
0.258461213
0.259394345
0.259144305
0.260548883
0.259565969
0.260401269
0.258852594
0.259082059
0.258295691
0.257746551
0.257342892
0.257588188
0.257636914
0.258358003
0.258393271
0.259681547
0.258779455
0.259537569
0.257997527
0.257986718
0.257431649
0.257888647
0.257771474
0.259003498
0.257609032
0.257587024
0.257034945
0.256466632
0.256256994
0.256251065
0.257365164
0.258185926
0.257062692
0.25819834
0.256908887
0.256782331
0.2568478
0.257953109
0.256984729
0.257841969
0.256886215
0.256403918
0.25598064
0.255356864
0.255199709
0.255084078
0.254954826
0.255963015
0.256099944
0.256947562
0.256246026
0.256843145
0.256068735
0.256787266
0.255893985
0.255341344
0.254976145
0.255265866
0.255317208
0.256388935
0.255469059
0.254883439
0.254556266
0.254830422
0.254889825
0.255954696
0.255053734
0.25446587
0.254040747
0.253389973
0.253423953
0.254007677
0.254428693
0.255219316
0.25455979
0.255120427
0.254385355
0.255066325
0.254269328
0.253679609
0.252942601
0.252676791
0.252660481
0.252317781
0.252423921
0.252971126
0.253528465
0.253878825
0.253667928
0.254015978
0.253476754
0.253691068
0.25331595
0.253593002
0.253161834
0.252292578
0.251795842
0.251448894
0.251528042
0.251974029
0.251789357
0.253155097
0.252686308
0.25287405
0.252519112
0.252773221
0.252364342
0.251488185
0.250999614
0.250643239
0.250732128
0.251138083
0.250992487
0.252318757
0.251882063
0.252038951
0.25171264
0.251940834
0.251078484
0.250775666
0.250386658
0.249635222
0.249895846
0.250104931
0.250182251
0.251418446
0.251052556
0.251153498
0.250882305
0.251060793
0.250704424
0.250968381
0.250017325
0.248928105
0.248767719
0.248728058
0.248986499
0.249080887
0.249100487
0.250173075
0.250146459
0.250109618
0.249958462
0.250019798
0.249777509
0.249670251
0.248648013
0.247919131
0.248193479
0.248351926
0.248762591
0.249215242
0.249263386
0.248987454
0.248424898
0.247963383
0.247878841
0.247767177
0.247690148
0.247572718
0.248095153
0.248456152
0.248595552
0.248234006
0.247718257
0.247213696
0.24717104
0.24702451
0.247013378
0.248058832
0.248035556
0.247763339
0.247188624
0.246736454
0.246639122
0.246545998
0.246459434
0.247566975
0.247480575
0.24729145
0.246656238
0.246256928
0.246109663
0.245858751
0.245911839
0.24702375
0.246007279
0.245642047
0.245668871
0.246546421
0.245749542
0.245384076
0.245916167
0.246120416
0.245481437
0.24505079
0.244928189
0.244858718
0.245282733
0.245601545
0.245092494
0.245603595
0.244968467
0.24558752
0.244890608
0.244485643
0.244334589
0.244259067
0.244644072
0.244998944
0.24445511
0.244995433
0.244348911
0.24388499
0.243791401
0.243682318
0.244121263
0.244417752
0.243934162
0.244415758
0.243814521
0.243302142
0.243224156
0.243262858
0.243553234
0.244054187
0.244061456
0.243848683
0.243180102
0.243942587
0.2428065
0.242922974
0.242958262
0.243641203
0.242510803
0.242656783
0.24234663
0.242387477
0.242177592
0.243211422
0.242669415
0.243012719
0.241902134
0.241859332
0.241701801
0.242536982
0.24156704
0.24150813
0.241391326
0.242185921
0.241234676
0.241169893
0.241084302
0.241849745
0.241537219
0.241642392
0.240757882
0.240720874
0.240574971
0.241642685
0.241035551
0.24123741
0.240275116
0.239816769
0.239370978
0.239437508
0.239866975
0.240670882
0.239891439
0.24058812
0.239697342
0.240533845
0.239500502
0.240476589
0.239338593
0.239517989
0.238681159
0.238194654
0.237689384
0.237440222
0.238948058
0.239027772
0.239315156
0.238789076
0.239243656
0.23857121
0.239168354
0.238354425
0.239091766
0.238138313
0.239013792
0.237959837
0.237957315
0.237242225
0.236705097
0.236327544
0.235777578
0.235553357
0.236426029
0.237497978
0.237530157
0.237830866
0.237227541
0.237542225
0.237037511
0.236127041
0.237472698
0.236486833
0.23731694
0.235864822
0.235262674
0.234785623
0.234309259
0.234507689
0.2364311
0.235882504
0.236391945
0.235597526
0.236288119
0.235317979
0.236187204
0.235053021
0.235130153
0.23434158
0.233816294
0.233498433
0.233227351
0.23327838
0.234986034
0.234332408
0.234990634
0.23404246
0.234882528
0.233758509
0.234743531
0.233387716
0.232505332
0.232193224
0.231743337
0.23207345
0.234141262
0.232999952
0.233775047
0.232202055
0.233130253
0.231974396
0.232177562
0.231671438
0.233567272
0.23186772
0.23176464
0.23096868
0.230364647
0.230368906
0.232130342
0.231317029
0.232572285
0.230981792
0.231486249
0.230398754
0.230087878
0.229559236
0.229062224
0.229249942
0.230917332
0.230209901
0.231342006
0.229843118
0.231128681
0.229274595
0.228671042
0.228397037
0.228553796
0.22863693
0.230387061
0.228154245
0.228099095
0.228091808
0.229578952
0.227730801
0.227528865
0.227633015
0.229382208
0.227215045
0.227089731
0.227089368
0.228949578
0.22675957
0.226688781
0.22657612
0.228790768
0.226266612
0.226242382
0.225568159
0.225232339
0.225390696
0.227323739
0.225738614
0.227764719
0.225369332
0.225143964
0.224548088
0.224307505
0.224302738
0.226059712
0.224616834
0.226676812
0.224466048
0.22419822
0.223669389
0.223499616
0.223194912
0.224191946
0.223359622
0.225819843
0.223737189
0.223917503
0.223179456
0.223190438
0.222687807
0.223013156
0.222498455
0.225976334
0.223171859
0.222866007
0.222443931
0.222027234
0.221727518
0.221417235
0.221199149
0.221660877
0.221483714
0.223419294
0.22192975
0.22175123
0.221214214
0.220836049
0.220566542
0.220395148
0.221001215
0.220624058
0.222533408
0.221215807
0.221152893
0.22064523
0.22033746
0.220107058
0.2197644
0.219666031
0.220305571
0.219952373
0.22177538
0.220304471
0.219934177
0.219702153
0.219482144
0.219283888
0.22050694
0.219667437
0.219717084
0.21938877
0.220002782
0.219286081
0.219528512
0.219099732
0.221260698
0.221028157
0.222539306
0.221202912
0.22134534
0.221107687
0.221432434
0.221056499
0.221506377
0.221000505
0.221574252
0.22094055
0.2216365
0.220877064
0.221693584
0.220810438
0.221745943
0.220755397
0.220590136
0.219618276
0.219261018
0.218964075
0.218651534
0.218360225
0.218280273
0.218701201
0.218063804
0.21852937
0.217961367
0.217867292
0.217710539
0.218853344
0.217740481
0.217435075
0.21719669
0.217532963
0.217123158
0.218461041
0.218935716
0.22100953
0.22117009
0.220416397
0.219587324
0.218964492
0.219308931
0.219001628
0.219128358
0.21902887
0.218953643
0.219056667
0.218787418
0.219630926
0.218790234
0.21921439
0.218582603
0.219923617
0.218559142
0.219510685
0.218349239
0.21959404
0.218179994
0.220342908
0.219882293
0.219826905
0.21829888
0.219702128
0.218186427
0.219820535
0.218109647
0.219574757
0.218046842
0.219621184
0.21800435
0.219663641
0.217964223
0.219704695
0.217926494
0.219744519
0.217891055
0.219783282
0.217857814
0.219821131
0.217832499
0.219281629
0.217766554
0.219700462
0.21776746
0.219725848
0.217741284
0.219755297
0.217783532
0.219771165
0.21920596
0.220094826
0.217960201
0.218594637
0.217671011
0.218420589
0.21756363
0.218212366
0.217401486
0.218017824
0.217245164
0.217828746
0.217093612
0.217644666
0.216948637
0.217914309
0.216972419
0.217896613
0.216831041
0.218321007
0.216861309
0.218384588
0.216866075
0.218446899
0.216873775
0.218030097
0.216711657
0.218448104
0.216746191
0.218508029
0.218152383
0.218277617
0.21685005
0.217314431
0.216672496
0.217164246
0.216547896
0.217010935
0.216425982
0.216860145
0.216306896
0.216711726
0.216192234
0.217063348
0.216108145
0.216549046
0.215974382
0.216927309
0.215893994
0.216414909
0.215764888
0.216795039
0.21569133
0.216283486
0.215566418
0.216665315
0.215498429
0.216154693
0.215377458
0.216538038
0.215313892
0.216028396
0.215196812
0.216413061
0.215143684
0.215905564
0.215046174
0.216294041
0.215006718
0.216327239
0.216246287
0.216200157
0.215128562
0.215525237
0.215017483
0.215935713
0.214983764
0.215964375
0.214922345
0.215993783
0.214867182
0.215508129
0.214782334
0.215831658
0.214745803
0.215836418
0.215939408
0.215815449
0.214896442
0.215575374
0.2148149
0.215603222
0.214758237
0.215118064
0.214671771
0.21551211
0.214711933
0.215493578
0.214645697
0.215488874
0.214583851
0.215491707
0.215750837
0.215376253
0.214723021
0.215182091
0.214647732
0.215200105
0.21459155
0.215212887
0.214538277
0.21522292
0.214487835
0.215230507
0.214440022
0.2152419
0.215596108
0.21463522
0.214411431
0.213925578
0.214182836
0.213710228
0.214009395
0.214372115
0.214031589
0.214397008
0.21399889
0.214425116
0.213968124
0.214449264
0.213938629
0.214472915
0.215102527
0.213886769
0.213925888
0.214070876
0.213911987
0.214111608
0.213887592
0.21414869
0.213864547
0.214181081
0.213842663
0.214209283
0.213821901
0.214242071
0.214993094
0.213653441
0.213829022
0.213449558
0.213659282
0.213772852
0.213672604
0.213811654
0.213660863
0.21384882
0.213650049
0.21388148
0.213639881
0.213927145
0.214819265
0.213332841
0.213661841
0.21351996
0.213666546
0.213567679
0.213659552
0.213611403
0.213653537
0.21365549
0.213647275
0.213711136
0.213638804
0.213763282
0.213631455
0.213828984
0.214810881
0.213243068
0.213664856
0.213035571
0.213507437
0.213391557
0.2135354
0.213457023
0.213560021
0.213525113
0.213586943
0.213588754
0.213614819
0.213648631
0.213709099
0.21366274
0.214835564
0.213089121
0.213699546
0.212925277
0.213596556
0.213283577
0.213689091
0.21334582
0.213723178
0.21341234
0.21375961
0.213372732
0.213775601
0.213405758
0.213800235
0.213437231
0.213826702
0.213468182
0.213855031
0.213498839
0.213882603
0.213529059
0.213912138
0.213558374
0.213940646
0.213587913
0.213971095
0.213617243
0.214003383
0.213646418
0.214037462
0.213675479
0.214073287
0.21370446
0.214110818
0.213733393
0.21415002
0.213762302
0.214190859
0.213791209
0.214233307
0.213820134
0.214277337
0.213849092
0.214322923
0.213878097
0.214370043
0.21390716
0.214418677
0.213936292
0.214468806
0.2139655
0.214520411
0.213994792
0.214573694
0.21359832
0.21443148
0.213913321
0.21452289
0.213941417
0.214583893
0.213973607
0.214647138
0.214005823
0.214711522
0.213610952
0.214577611
0.213929109
0.214680362
0.213959125
0.214715297
0.213599997
0.214642236
0.213912589
0.214710738
0.213978554
0.214875699
0.213986118
0.214946518
0.213580946
0.214786863
0.213912243
0.214933274
0.213930266
0.215014503
0.213529063
0.214928862
0.213812141
0.214988801
0.213429535
0.214028834
0.213435399
0.21470085
0.214075085
0.216153989
0.213474772
0.213476264
0.213394451
0.213959874
0.214060059
0.215983106
0.214171572
0.216342766
0.213596857
0.213670611
0.214033618
0.215037103
0.214422026
0.216292386
0.213916264
0.214742934
0.214135439
0.215408221
0.213951675
0.214591815
0.214107387
0.21541712
0.214175743
0.215450372
0.214064798
0.21465085
0.214231242
0.215488766
0.214300561
0.215532191
0.214184437
0.21473858
0.214355925
0.215587795
0.214426411
0.215639753
0.214309995
0.214849761
0.214481454
0.215709615
0.214557647
0.216736474
0.214098295
0.213988217
0.214759213
0.216782558
0.215050992
0.217189599
0.214297907
0.214168873
0.214844746
0.216951219
0.215094592
0.217381721
0.214389314
0.214341645
0.21478286
0.216087089
0.215090228
0.217176285
0.214606225
0.215520882
0.214984482
0.217289871
0.214508404
0.214489418
0.215085745
0.217305201
0.215310126
0.216752554
0.214805384
0.215749541
0.215339902
0.217667732
0.214836365
0.214796161
0.215528944
0.217566324
0.215502878
0.216887523
0.215132003
0.216061346
0.215288724
0.21611722
0.215964024
0.217921796
0.215280561
0.216229971
0.215441103
0.216054148
0.215499845
0.216036577
0.215836509
0.217833197
0.215377547
0.216188732
0.215664938
0.217820054
0.215121634
0.215091663
0.21572714
0.217668881
0.215316155
0.215967227
0.215323207
0.215956196
0.215584225
0.21773288
0.214981815
0.215515717
0.215535008
0.217683845
0.21493486
0.214991835
0.215072272
0.215317186
0.216695162
0.217897496
0.215993239
0.218018514
0.215022623
0.215482133
0.215315515
0.216735899
0.21517953
0.215888022
0.215794724
0.217695271
0.214845463
0.214716418
0.215416035
0.217323975
0.21497086
0.21648927
0.214590389
0.214970502
0.215238402
0.217244363
0.214452233
0.214327237
0.215201117
0.216952018
0.214728755
0.216076034
0.214433579
0.21526546
0.214849301
0.215981162
0.214452169
0.215156379
0.214517918
0.215983685
0.214439021
0.215175045
0.214483719
0.216012482
0.214477793
0.215236795
0.214908849
0.216887358
0.214058063
0.213930625
0.214588408
0.21656031
0.214288075
0.215781564
0.213836375
0.214243329
0.214444686
0.215619879
0.214326237
0.215712978
0.214081193
0.214875678
0.214605879
0.216707683
0.213870118
0.213734254
0.214276105
0.215439229
0.214549688
0.216526763
0.213860498
0.214198332
0.214122552
0.215423702
0.214045399
0.215520076
0.21385925
0.214735032
0.214194441
0.215444566
0.213884747
0.214635204
0.214417562
0.216450804
0.213698264
0.213555917
0.214096024
0.215240312
0.214356138
0.21633524
0.213713236
0.21460757
0.213828314
0.215297182
0.213609784
0.21398086
0.214035459
0.215227326
0.213922379
0.21533611
0.213689895
0.214537279
0.21415472
0.21633819
0.213550741
0.213427813
0.213829129
0.215120787
0.214060089
0.216220178
0.213492297
0.213942045
0.213635424
0.215158331
0.21357914
0.214393419
0.214069842
0.216188465
0.2133999
0.213232387
0.213757978
0.214888909
0.213828195
0.215851812
0.213036239
0.212928764
0.213553443
0.21550777
0.213165418
0.214674248
0.212853934
0.213301251
0.21326909
0.214519713
0.213013699
0.214546371
0.212764213
0.213206675
0.21336679
0.21455685
0.213074237
0.214567469
0.212783966
0.213708828
0.21314497
0.214471416
0.212758815
0.213604639
0.213144044
0.214375997
0.212736289
0.213510846
0.213141539
0.214289431
0.212714871
0.213431077
0.212634475
0.213301164
0.213360661
0.215024136
0.212348548
0.212159794
0.21277037
0.21364716
0.212899282
0.214572842
0.211947075
0.21233922
0.212191437
0.213424363
0.212033683
0.213482865
0.211811923
0.212136843
0.21210539
0.213242889
0.211922466
0.213290852
0.211610295
0.211911667
0.211956932
0.213019114
0.211692338
0.212983983
0.211342268
0.212139932
0.211743006
0.21291508
0.211310979
0.212059836
0.211715836
0.212823393
0.211213505
0.212753493
0.210812406
0.211157841
0.211078741
0.212239673
0.210850207
0.212199941
0.210486837
0.210742715
0.210748127
0.211784251
0.210520563
0.211749147
0.210102919
0.210825469
0.210454814
0.211531416
0.20997935
0.211479682
0.209590382
0.209890412
0.209804831
0.210902881
0.209608479
0.210882536
0.20923433
0.209514112
0.20964456
0.210655491
0.209430065
0.210628486
0.20902404
0.210584703
0.208666245
0.209002313
0.208854882
0.21000296
0.208668491
0.209983069
0.208315156
0.208618665
0.208705515
0.209751474
0.208499283
0.20972469
0.208099107
0.209004413
0.208299349
0.2096245
0.207919615
0.208191879
0.208161425
0.209199076
0.207963681
0.209170804
0.207557246
0.209102709
0.207340837
0.207699713
0.207488465
0.208686455
0.207308516
0.208661635
0.206963091
0.207288795
0.207332588
0.208413206
0.207132298
0.208382945
0.206731426
0.20766062
0.206923162
0.20827053
0.206538787
0.206829281
0.206777802
0.207832604
0.206582829
0.207801854
0.206176092
0.207729004
0.20594184
0.206316555
0.206094925
0.207301513
0.205916428
0.207274537
0.205560649
0.205892556
0.205926272
0.207015403
0.205728338
0.206983166
0.205325082
0.206908948
0.205100177
0.205493048
0.205241252
0.206476711
0.205065937
0.206449466
0.20471607
0.205062738
0.205071109
0.206185447
0.204876176
0.206152784
0.204474249
0.20607673
0.204246957
0.20465449
0.204385654
0.205639445
0.204211561
0.205611339
0.203861379
0.204217812
0.204210482
0.205342024
0.204017096
0.205308479
0.203615486
0.205230222
0.203380319
0.203847696
0.20363176
0.204951292
0.203454161
0.204917312
0.203123969
0.203511833
0.203446018
0.204634769
0.203255361
0.204598217
0.202856928
0.20387624
0.203020598
0.204458263
0.20264472
0.203030678
0.202967076
0.204155149
0.202772297
0.204113684
0.202366397
0.204025606
0.20214166
0.202573621
0.202254425
0.203562919
0.202078178
0.20352845
0.201722488
0.202106435
0.202052187
0.203236916
0.201858804
0.203198234
0.201454228
0.203111369
0.201211378
0.201654672
0.201338988
0.202648989
0.20116318
0.202615204
0.200800941
0.201187564
0.201132034
0.202322648
0.201302941
0.204157669
0.200751021
0.200495313
0.200834272
0.201930849
0.200644749
0.201905443
0.200255046
0.201831411
0.199997061
0.200405726
0.200149724
0.201386598
0.199987447
0.20136241
0.199612408
0.200658923
0.199761167
0.201227018
0.199402814
0.199810616
0.199708117
0.20091699
0.199426716
0.200796953
0.199102726
0.200699997
0.198883614
0.199354704
0.199172596
0.200487276
0.198895585
0.20034127
0.198618178
0.200305306
0.198430856
0.198949845
0.198686364
0.200049261
0.198758663
0.200002962
0.198182713
0.198542923
0.198640062
0.200587533
0.198519742
0.199906798
0.19774815
0.198220378
0.197934444
0.199166764
0.19772089
0.199099613
0.197363074
0.198391375
0.197513646
0.198891134
0.197138209
0.197507435
0.197478038
0.198514593
0.197768695
0.200539606
0.197227399
0.19699942
0.197393045
0.199287315
0.197292383
0.198627747
0.196517858
0.196964305
0.196612403
0.197808334
0.196868438
0.198053242
0.196268024
0.196625837
0.196602253
0.197620222
0.196900017
0.199639356
0.196371295
0.196129973
0.196408239
0.198302446
0.196384577
0.197616566
0.195588866
0.195971873
0.195694433
0.196812877
0.195952736
0.197849817
0.195503078
0.196319481
0.195195506
0.196612963
0.194906319
0.195296678
0.195187509
0.196270791
0.195456442
0.198174673
0.195031168
0.194778922
0.195105859
0.19607702
0.195335568
0.198101187
0.194645807
0.194390785
0.194278951
0.195023343
0.194990091
0.197429149
0.194194246
0.194537472
0.193870663
0.194699533
0.194217572
0.195990251
0.194080669
0.195476722
0.193690857
0.194076145
0.193525291
0.194877987
0.193775954
0.195103156
0.193791684
0.195826636
0.193323672
0.193066594
0.193105383
0.19435753
0.193693671
0.196383954
0.19304905
0.192797355
0.193271983
0.195918163
0.192759967
0.193075816
0.192408003
0.19380909
0.192688793
0.194044339
0.19238006
0.193929458
0.192125432
0.192461625
0.19210409
0.193337584
0.192274219
0.193476656
0.192065818
0.193572558
0.192093596
0.193503144
0.191614371
0.191968064
0.191571521
0.192838858
0.191743385
0.192976796
0.191536632
0.193069897
0.191563334
0.192998255
0.191091716
0.191455366
0.19104038
0.192327518
0.191212941
0.193348996
0.19088817
0.191215182
0.190600191
0.1920092
0.190816213
0.192225593
0.190513663
0.192107961
0.190261413
0.191184093
0.190616697
0.193654798
0.190112367
0.18987587
0.190063332
0.191197265
0.190303599
0.193063394
0.189816307
0.189551703
0.189912121
0.192569236
0.189479945
0.189805726
0.189229438
0.190626235
0.18956413
0.19170034
0.189141517
0.189505598
0.188870861
0.190332013
0.189176267
0.190624047
0.189118263
0.190528671
0.188616044
0.189533718
0.18904354
0.191880007
0.188606661
0.188366832
0.188546698
0.189679591
0.18894886
0.191615628
0.188256618
0.188001144
0.188427596
0.191003106
0.187882544
0.188191857
0.187708479
0.189025102
0.188055457
0.190107027
0.187512975
0.187843078
0.187334921
0.188687113
0.187642798
0.189769733
0.187209928
0.188114391
0.187332127
0.188749185
0.18732464
0.189434501
0.18682937
0.186562895
0.186637166
0.187837116
0.187329727
0.189817481
0.186441275
0.186184881
0.186888487
0.189252486
0.186749051
0.188911929
0.186301903
0.186051788
0.186376477
0.188998089
0.185866532
0.186212477
0.185696832
0.187029372
0.185934285
0.187908749
0.185704026
0.18658265
0.185727882
0.18712391
0.185457019
0.186999677
0.185214398
0.186881282
0.185008597
0.185390143
0.185293831
0.187326426
0.185121611
0.186627452
0.18472654
0.185094831
0.184988516
0.187002864
0.184842966
0.186326646
0.18445113
0.184804994
0.184698747
0.186690673
0.184571672
0.186031778
0.184179358
0.184518586
0.184422244
0.187177719
0.184127465
0.183839548
0.184343919
0.186784809
0.184444384
0.186425869
0.183942254
0.18366911
0.183996263
0.186593293
0.184142162
0.185509756
0.183587005
0.183342127
0.183454285
0.184608414
0.184634156
0.186638239
0.183860637
0.185269089
0.183395172
0.183110207
0.183129169
0.18435471
0.184276491
0.186342819
0.183581841
0.185005922
0.183172021
0.182862557
0.183472689
0.185857082
0.183532659
0.185582188
0.182926184
0.182565784
0.182974284
0.185326743
0.183197469
0.184410452
0.182541953
0.182218855
0.182427062
0.184235388
0.182894516
0.185380288
0.1824775
0.182420286
0.181926985
0.183130329
0.182277388
0.185018681
0.182214486
0.181810197
0.182045264
0.184501625
0.182331618
0.183626144
0.181901459
0.182643854
0.181914072
0.183147301
0.181674678
0.18302811
0.181455228
0.182912031
0.181243063
0.182040709
0.18157526
0.184154882
0.181167038
0.180859129
0.181212108
0.18359846
0.181368063
0.182652266
0.180764482
0.181096088
0.181034674
0.18348859
0.180975687
0.181697118
0.180728943
0.182117743
0.180498054
0.181994752
0.180297417
0.181128011
0.180619103
0.183212562
0.180555902
0.180586232
0.17999023
0.181283336
0.180247105
0.182197241
0.179998709
0.180732762
0.180035999
0.181887169
0.179721073
0.181174024
0.179398516
0.179731603
0.179635315
0.181467373
0.179522041
0.180833918
0.179142197
0.179903357
0.179437921
0.181888714
0.179448687
0.179422105
0.178957461
0.180092785
0.179233429
0.181873117
0.179125259
0.179105254
0.178679642
0.179797839
0.178960189
0.181593002
0.178809226
0.178792371
0.178395983
0.179502954
0.178679704
0.181310488
0.178493805
0.17848085
0.178107445
0.179207382
0.178393359
0.181025584
0.178188378
0.179005448
0.177872954
0.179338675
0.17765415
0.178456622
0.178136564
0.180578872
0.177951684
0.177952339
0.177493555
0.178674037
0.177759296
0.180439662
0.177588296
0.177587584
0.177564775
0.180168099
0.177635343
0.178425949
0.177431514
0.178852836
0.17738174
0.178700302
0.176965236
0.17774022
0.177420979
0.179852397
0.177196285
0.177157504
0.176731785
0.177872143
0.177203442
0.179802216
0.176850977
0.177634612
0.176637509
0.178055532
0.176718675
0.17796486
0.176325573
0.177765709
0.176136601
0.17762797
0.1759489
0.177489481
0.175774307
0.176609627
0.176109545
0.178704477
0.175973006
0.175966896
0.175879618
0.177831125
0.175839087
0.177127414
0.175509168
0.176245023
0.175896391
0.178344805
0.17587194
0.175784296
0.176285608
0.178500439
0.176035866
0.1766766
0.175770905
0.17788759
0.175513353
0.176239636
0.175569882
0.177532654
0.175226929
0.175880614
0.175395563
0.177844661
0.175100406
0.174730413
0.174595235
0.175671072
0.175382707
0.177553807
0.175179884
0.175805877
0.174950184
0.17697608
0.174664828
0.175357839
0.174716663
0.176563733
0.174412067
0.175727947
0.174129955
0.174845391
0.174430678
0.176773676
0.174540064
0.17443005
0.173917258
0.175681153
0.173895888
0.175216972
0.173738356
0.174382271
0.174164714
0.176381456
0.174067077
0.173943417
0.173956975
0.175587104
0.173927812
0.175765918
0.173534485
0.173440754
0.173806871
0.175868671
0.173895531
0.175788047
0.173460182
0.173065506
0.17290271
0.173951754
0.173646872
0.175738418
0.173494224
0.17405385
0.173187644
0.175117532
0.172956173
0.173556955
0.172973262
0.175465395
0.173066552
0.172917044
0.172510325
0.174231721
0.17241863
0.173715296
0.172248577
0.172846625
0.172839411
0.174931763
0.172581571
0.172386102
0.17228942
0.173893915
0.172434598
0.174788256
0.17237397
0.172256781
0.171831757
0.17366677
0.172161614
0.173969013
0.171750823
0.171647521
0.172155564
0.174175851
0.171625686
0.172226791
0.171908542
0.174237186
0.171657463
0.171592296
0.171391137
0.17300071
0.171683004
0.174168276
0.171265817
0.171257627
0.170873228
0.172605796
0.17116638
0.173032192
0.170803493
0.170746975
0.171243749
0.173255084
0.170742733
0.172037523
0.170490329
0.171789852
0.170443886
0.172341484
0.170313708
0.17034583
0.170921997
0.172992019
0.170324161
0.171698242
0.170066562
0.17144036
0.169991884
0.171226736
0.170029335
0.171948727
0.169899397
0.169902673
0.170465
0.172585985
0.169904234
0.170411693
0.170500028
0.172494695
0.169833427
0.17030915
0.170307016
0.172535854
0.169786583
0.170307081
0.17014704
0.171793511
0.170011876
0.171190601
0.170080176
0.171942395
0.169765752
0.170154656
0.170159154
0.172363148
0.169724146
0.170178554
0.170000971
0.171624854
0.169792754
0.170934016
0.169929386
0.171802908
0.169822605
0.170209069
0.170014663
0.171590773
0.169805144
0.170876595
0.169920726
0.170855008
0.17005454
0.171695199
0.169891574
0.17007821
0.170117857
0.171456421
0.169890032
0.170788624
0.169895292
0.171417244
0.169717832
0.169786908
0.170166943
0.172107576
0.169636604
0.169763198
0.169946432
0.171309989
0.169578021
0.169531137
0.170190908
0.171952666
0.169458781
0.169467694
0.169879117
0.171071322
0.169645064
0.170345591
0.16974113
0.170345558
0.169857454
0.171248323
0.169685261
0.169517441
0.170133545
0.17109892
0.169705675
0.170254243
0.169768495
0.170224975
0.169841881
0.170201818
0.169907865
0.170175027
0.169981268
0.171048588
0.169798938
0.169314654
0.169559843
0.17040771
0.169557045
0.169864467
0.169502634
0.169610307
0.169550205
0.16958325
0.169601563
0.170446116
0.169432421
0.168760282
0.169143969
0.169792787
0.169149704
0.169256997
0.16907812
0.169000466
0.168923922
0.168030929
0.168751438
0.169228512
0.168913434
0.168806299
0.1688523
0.169430997
0.168651199
0.167776038
0.168079493
0.167833511
0.168430178
0.168915846
0.168290953
0.167303036
0.16778965
0.167390461
0.168158301
0.168494013
0.167922795
0.166836149
0.167772312
0.167276708
0.168160042
0.168307357
0.167735416
0.166549122
0.167262977
0.16664388
0.167856834
0.167776092
0.167370812
0.166973709
0.167244554
0.166734154
0.16713502
0.166509883
0.167056849
0.167099243
0.166830438
0.1655919
0.166022277
0.165256755
0.165112671
0.164864747
0.164679718
0.16467189
0.164454837
0.164601143
0.164220787
0.164414962
0.163968183
0.163997279
0.163715526
0.163715322
0.163511755
0.163653388
0.163297589
0.163483887
0.163054693
0.163092701
0.162825826
0.163028606
0.162618363
0.16286198
0.16239856
0.162472849
0.162169317
0.162201718
0.161979803
0.162146836
0.161722315
0.162224223
0.162199861
0.162912884
0.163290097
0.162705137
0.163417999
0.161996018
0.161380509
0.162010699
0.162536471
0.16197972
0.162745451
0.161657558
0.161000309
0.161376522
0.161925266
0.161443037
0.161495688
0.161361963
0.161318109
0.161287353
0.161985708
0.161001221
0.160206844
0.160729387
0.161135237
0.160727484
0.160651802
0.160623279
0.160446868
0.160525107
0.161094548
0.16024653
0.159328123
0.16000517
0.159627914
0.160311884
0.160571713
0.159989151
0.158944019
0.159785928
0.159271296
0.160090039
0.160201685
0.159693743
0.158532624
0.158994606
0.158371394
0.158210968
0.157977363
0.157784592
0.15765376
0.157564474
0.157460327
0.157452547
0.157198249
0.157249623
0.156905836
0.157044296
0.156635672
0.156663113
0.156385519
0.156386605
0.156168052
0.15629262
0.155936544
0.156108836
0.155701632
0.155578213
0.15548922
0.155558796
0.155274525
0.155795064
0.156578977
0.156035349
0.156955126
0.155760127
